56 0.712916 0.245441 0.064881 0.098443
1 0.640568 0.231157 0.051687 0.12346
2 0.5935 0.229245 0.033976 0.120609
34 0.3321 0.110113 0.047499 0.099865
49 0.770589 0.257369 0.047051 0.117356
15 0.302237 0.33184 0.049654 0.104351
47 0.36905 0.224053 0.044893 0.09737
49 0.416706 0.233473 0.051338 0.124632
15 0.240618 0.216865 0.052556 0.125328
24 0.388702 0.108228 0.059653 0.102954
29 0.288138 0.225967 0.042983 0.096081
20 0.281595 0.113527 0.049138 0.099682
61 0.329332 0.225212 0.041184 0.095696
33 0.357211 0.330879 0.051952 0.105866
