13 0.440656 0.500086 0.039452 0.069716
13 0.772419 0.518239 0.037676 0.074286
7 0.406803 0.575647 0.035277 0.067536
5 0.369727 0.574746 0.036797 0.068428
29 0.680834 0.52163 0.038073 0.074572
40 0.718378 0.520219 0.036332 0.07429
9 0.296612 0.57673 0.034408 0.068924
29 0.343899 0.500901 0.037803 0.075276
9 0.63118 0.594314 0.037436 0.06566
9 0.66688 0.59437 0.032804 0.06683
33 0.304093 0.501729 0.03975 0.080576
7 0.735439 0.594302 0.035843 0.063704
40 0.381435 0.502986 0.034439 0.069367
16 0.26268 0.503807 0.045659 0.082751
16 0.597519 0.522888 0.043424 0.081134
33 0.641589 0.522802 0.037999 0.073897
5 0.331876 0.573572 0.034866 0.074073
5 0.701195 0.594224 0.032041 0.063755
22 0.411773 0.505296 0.017892 0.083936
22 0.745418 0.523408 0.015904 0.077751
