10 0.470633 0.852131 0.061479 0.130085
33 0.522845 0.647132 0.073395 0.124687
2 0.531139 0.846093 0.039317 0.133768
37 0.49693 0.116425 0.057355 0.100495
20 0.429629 0.127116 0.057655 0.091945
25 0.55734 0.126857 0.045659 0.108688
24 0.624337 0.669604 0.087061 0.129817
27 0.419508 0.672886 0.092604 0.137937
2 0.574889 0.845794 0.037858 0.137314
34 0.366103 0.337589 0.090845 0.076439
22 0.347581 0.265854 0.082025 0.048215
28 0.369631 0.183535 0.083789 0.102311
13 0.618287 0.192251 0.070241 0.091888
22 0.656058 0.261167 0.086145 0.037109
33 0.643468 0.336268 0.082169 0.106024
