32 0.132813 0.562709 0.121875 0.114584
20 0.109374 0.484584 0.096875 0.075
26 0.103906 0.378333 0.095312 0.108333
18 0.161718 0.284584 0.085938 0.125
35 0.239843 0.233542 0.089062 0.14375
23 0.325 0.252291 0.071875 0.14375
12 0.392968 0.366875 0.082813 0.122917
20 0.407032 0.453333 0.114062 0.062501
31 0.389062 0.540834 0.090626 0.129166
25 0.628125 0.355416 0.109374 0.162501
31 0.744531 0.27625 0.082813 0.145834
22 0.839062 0.358542 0.115626 0.177083
3 0.646875 0.581458 0.071875 0.177083
8 0.730469 0.580416 0.067187 0.2
6 0.812501 0.603333 0.087501 0.187501
