3 0.5620030164718628 0.2365984320640564 0.06181091070175171 0.13168732821941376
3 0.4984504282474518 0.23610256612300873 0.06427735090255737 0.1326873004436493
1 0.6442917585372925 0.7205572724342346 0.05913728475570679 0.12655870616436005
3 0.6249996423721313 0.23674333095550537 0.0643264651298523 0.13070844113826752
5 0.43240123987197876 0.2358362227678299 0.06501296162605286 0.12704874575138092
6 0.4252784848213196 0.720605731010437 0.06589892506599426 0.13037148118019104
1 0.5813510417938232 0.7198073863983154 0.06487292051315308 0.12849850952625275
1 0.7091426849365234 0.7185871601104736 0.06648516654968262 0.12567123770713806
3 0.3323706388473511 0.7210058569908142 0.06874430179595947 0.13337451219558716
2 0.5189892649650574 0.7212698459625244 0.04508611559867859 0.12636567652225494
