33 0.763395 0.394858 0.085387 0.154974
2 0.687802 0.610769 0.047345 0.151164
2 0.739876 0.612407 0.043457 0.148329
10 0.809444 0.613507 0.077682 0.15096
27 0.656894 0.404106 0.100088 0.15542
37 0.241916 0.336784 0.064853 0.108701
34 0.142548 0.613127 0.082484 0.1005
13 0.359651 0.448754 0.088016 0.080641
28 0.867295 0.407259 0.092357 0.155605
20 0.161669 0.350456 0.072302 0.100913
33 0.327499 0.607473 0.092943 0.112059
25 0.324054 0.360554 0.076077 0.119058
2 0.340222 0.530099 0.100561 0.05693
22 0.122288 0.527686 0.086741 0.048595
28 0.114999 0.441674 0.09403 0.100105
