13 0.215319 0.41299 0.051723 0.09316
1 0.07773 0.539943 0.040733 0.092573
4 0.129034 0.529462 0.043176 0.098408
7 0.179329 0.523719 0.051553 0.100601
29 0.319008 0.511781 0.054792 0.098288
25 0.271495 0.411516 0.053055 0.095187
33 0.073506 0.438391 0.036189 0.090064
29 0.113387 0.428036 0.040441 0.092838
35 0.312771 0.40289 0.043102 0.095484
29 0.404327 0.406313 0.038055 0.097826
33 0.260302 0.513303 0.058004 0.097752
33 0.361564 0.402787 0.047858 0.097067
15 0.161489 0.418239 0.049641 0.095975
15 0.369553 0.511182 0.042318 0.097161
25 0.435921 0.409275 0.027941 0.097649
21 0.408922 0.512056 0.03645 0.09675
17 0.442255 0.515491 0.028471 0.099491
