30 0.231056 0.314577 0.018947 0.076661
50 0.252943 0.315013 0.027441 0.07579
43 0.280711 0.320675 0.029401 0.062723
61 0.306845 0.318933 0.024828 0.067949
56 0.348334 0.32024 0.056842 0.065336
43 0.391782 0.319369 0.031361 0.067078
45 0.418897 0.318933 0.022868 0.064465
51 0.433924 0.316755 0.012414 0.070563
43 0.448624 0.323724 0.018294 0.061851
37 0.268297 0.402563 0.036588 0.080145
60 0.304232 0.41563 0.033975 0.074919
52 0.332653 0.40779 0.020254 0.088857
59 0.359441 0.406483 0.037242 0.063594
50 0.393089 0.400821 0.035281 0.080145
58 0.425757 0.408226 0.028748 0.065336
17 0.25229 0.658245 0.029401 0.093213
27 0.292145 0.658245 0.050309 0.087986
15 0.340493 0.658245 0.046389 0.086244
41 0.381982 0.659987 0.040508 0.081017
35 0.41857 0.661294 0.028748 0.081888
2 0.261763 0.741004 0.022214 0.07579
6 0.289858 0.739261 0.031361 0.074047
1 0.323506 0.741875 0.033321 0.070563
56 0.372181 0.744053 0.050962 0.062723
49 0.413343 0.751457 0.030055 0.070563
