33 0.562364 0.135905 0.076363 0.129341
7 0.453855 0.870426 0.070651 0.121415
1 0.453209 0.35278 0.063588 0.113684
6 0.556903 0.355378 0.069677 0.112071
1 0.541604 0.87181 0.072551 0.118394
13 0.459779 0.138221 0.067449 0.131152
15 0.49978 0.644971 0.056091 0.100677
25 0.634673 0.15505 0.060674 0.130995
17 0.715833 0.2005 0.093811 0.128069
35 0.563927 0.650233 0.053801 0.108963
17 0.372406 0.151246 0.072453 0.130084
17 0.737062 0.742951 0.087045 0.109439
29 0.614415 0.669197 0.061476 0.098581
13 0.436098 0.648029 0.05042 0.099324
16 0.368105 0.665263 0.06277 0.100527
34 0.298583 0.192813 0.075133 0.127895
25 0.31053 0.700297 0.073707 0.094535
2 0.3932 0.345265 0.048887 0.105244
28 0.676196 0.69647 0.075843 0.10068
2 0.615948 0.343985 0.055508 0.117263
13 0.258298 0.735754 0.075446 0.093323
