17 0.726145 0.339171 0.028954 0.062624
4 0.397783 0.381606 0.028504 0.054553
13 0.66842 0.340495 0.024019 0.052835
15 0.696152 0.33901 0.028041 0.057748
10 0.342983 0.381367 0.027903 0.051754
4 0.315194 0.383744 0.026693 0.052264
17 0.430991 0.314838 0.033778 0.0621
29 0.586529 0.334757 0.028868 0.058397
28 0.554698 0.334935 0.028368 0.059106
33 0.616986 0.336127 0.027235 0.056388
25 0.399431 0.315129 0.019582 0.057786
17 0.314356 0.318407 0.034006 0.05697
27 0.656377 0.399905 0.030993 0.050905
1 0.613108 0.400524 0.022152 0.050018
13 0.341096 0.317196 0.025413 0.054698
34 0.27702 0.322586 0.037709 0.066608
20 0.689049 0.402292 0.029828 0.053999
9 0.371051 0.38488 0.024214 0.051892
33 0.373621 0.317954 0.02907 0.056589
30 0.64433 0.337828 0.021807 0.055409
2 0.572531 0.400918 0.015635 0.05102
7 0.591458 0.402015 0.022219 0.055409
