4 0.458899 0.731305 0.037506 0.078705
4 0.207348 0.751784 0.039795 0.079046
1 0.257626 0.435731 0.034365 0.079887
2 0.18477 0.436534 0.027563 0.077077
13 0.261779 0.35041 0.032303 0.07647
56 0.46127 0.426091 0.056174 0.067706
1 0.219377 0.436949 0.039037 0.079608
10 0.243448 0.747731 0.032081 0.078073
33 0.187037 0.350638 0.045853 0.078987
33 0.438799 0.640024 0.045823 0.090289
15 0.443978 0.332738 0.045207 0.084292
28 0.098239 0.348278 0.033481 0.080697
30 0.228684 0.349699 0.040014 0.079917
15 0.292579 0.345136 0.02756 0.075954
17 0.490611 0.332024 0.047143 0.084974
5 0.273283 0.747396 0.024448 0.076486
17 0.533071 0.637354 0.051639 0.095079
12 0.514305 0.433829 0.041246 0.082551
29 0.141771 0.349165 0.046088 0.085612
1 0.403153 0.419971 0.029696 0.080233
33 0.594637 0.330067 0.03526 0.082791
13 0.240603 0.65962 0.045892 0.092728
5 0.425875 0.730767 0.025777 0.074984
10 0.401342 0.727702 0.022155 0.074084
17 0.203821 0.660183 0.049369 0.090622
15 0.554535 0.331446 0.045265 0.082827
33 0.280566 0.656891 0.035029 0.085414
25 0.478508 0.638726 0.036502 0.090215
13 0.406024 0.334519 0.034496 0.079622
34 0.14762 0.66378 0.060318 0.096411
