7 0.481625 0.845043 0.058629 0.117113
20 0.642848 0.227126 0.061255 0.121727
15 0.569014 0.693854 0.049086 0.104428
13 0.623641 0.703476 0.048269 0.108342
22 0.593503 0.226714 0.031918 0.126623
1 0.550927 0.845677 0.063421 0.115846
33 0.547083 0.226001 0.056499 0.127673
29 0.421032 0.22228 0.056181 0.120189
33 0.355895 0.221804 0.06171 0.128404
37 0.513108 0.689627 0.051243 0.109258
17 0.484664 0.223675 0.058395 0.128387
16 0.319379 0.714133 0.061989 0.111425
25 0.458891 0.691299 0.048853 0.11066
22 0.366688 0.703484 0.027394 0.109936
2 0.428821 0.842101 0.033418 0.114697
19 0.404709 0.697081 0.046114 0.112621
28 0.684899 0.714784 0.057535 0.112323
