17 0.67769 0.20389 0.033623 0.068999
33 0.432431 0.167862 0.039121 0.065187
9 0.673933 0.274067 0.033593 0.062286
30 0.568939 0.205579 0.036892 0.066753
5 0.327432 0.238152 0.033854 0.068339
33 0.713404 0.204547 0.040084 0.069519
5 0.611923 0.273013 0.032488 0.065995
17 0.397455 0.169205 0.032905 0.064003
30 0.285421 0.170991 0.037793 0.064559
19 0.60286 0.204135 0.032731 0.065783
12 0.641761 0.273312 0.030071 0.064014
33 0.315316 0.169289 0.041663 0.068927
9 0.39147 0.238257 0.033546 0.06218
12 0.358939 0.237702 0.029722 0.0659
22 0.624476 0.20122 0.017229 0.064498
42 0.647006 0.205637 0.027831 0.071566
22 0.34053 0.17118 0.015241 0.060964
42 0.36306 0.169854 0.031145 0.067149
