5 0.320211 0.277485 0.035878 0.074939
17 0.401422 0.197938 0.03968 0.078589
33 0.798962 0.29029 0.045831 0.074418
17 0.757238 0.291565 0.039076 0.075153
33 0.443087 0.197113 0.046722 0.076025
30 0.268139 0.197432 0.045063 0.077693
12 0.356403 0.278458 0.035669 0.071931
5 0.677573 0.361632 0.035745 0.059428
42 0.363435 0.197971 0.036748 0.075819
30 0.624274 0.292548 0.043221 0.073699
42 0.71794 0.292831 0.039467 0.073042
11 0.395138 0.278326 0.041477 0.079424
19 0.308833 0.195535 0.036188 0.07341
11 0.75249 0.361168 0.039669 0.060011
22 0.335642 0.196842 0.017467 0.07271
12 0.714008 0.362053 0.035213 0.05771
19 0.664405 0.291795 0.038606 0.072601
22 0.690255 0.292598 0.018147 0.069782
