17 0.725793 0.234522 0.039954 0.076609
17 0.383186 0.22034 0.041698 0.082768
5 0.640494 0.316239 0.037623 0.077447
5 0.298842 0.304556 0.037447 0.082218
33 0.767863 0.236104 0.047284 0.07863
12 0.678579 0.316883 0.037279 0.076367
33 0.427929 0.221095 0.047877 0.079371
30 0.589079 0.234951 0.044738 0.079713
30 0.245507 0.22168 0.042909 0.079054
12 0.336888 0.305287 0.03833 0.07907
42 0.684233 0.234383 0.040036 0.076218
12 0.379226 0.304097 0.041976 0.078193
22 0.656233 0.2346 0.018527 0.074216
12 0.719851 0.314655 0.040561 0.074148
19 0.287063 0.22071 0.038929 0.078293
42 0.34193 0.219331 0.03974 0.079148
22 0.313215 0.221611 0.018351 0.076746
19 0.62919 0.233651 0.039664 0.076275
