33 0.749621 0.264691 0.045168 0.080349
33 0.390217 0.250869 0.046648 0.078774
17 0.709386 0.266075 0.037523 0.078553
10 0.700015 0.339178 0.033029 0.063145
10 0.337379 0.323381 0.032876 0.069143
5 0.268687 0.323322 0.036399 0.073832
33 0.216448 0.246532 0.040552 0.076639
5 0.632074 0.340488 0.03437 0.066027
12 0.303894 0.323481 0.034238 0.069641
42 0.670405 0.265408 0.040061 0.077712
17 0.347234 0.2505 0.039787 0.079267
30 0.233413 0.246909 0.074386 0.077416
19 0.253858 0.246885 0.037064 0.075493
22 0.281574 0.246908 0.02001 0.076959
42 0.310255 0.249969 0.03335 0.081332
30 0.578058 0.265711 0.047357 0.077834
19 0.619745 0.266148 0.034684 0.078708
22 0.645092 0.26746 0.01334 0.086579
12 0.668437 0.340483 0.038686 0.071712
