6 0.20630426704883575 0.3730618357658386 0.09232568740844727 0.17965729534626007
3 0.15715035796165466 0.5859511494636536 0.09638180583715439 0.18822821974754333
5 0.3163291811943054 0.3736375570297241 0.10048146545886993 0.17364470660686493
11 0.3578718304634094 0.5779628753662109 0.09915900230407715 0.18432842195034027
11 0.25622743368148804 0.5815609097480774 0.09247303009033203 0.17806069552898407
6 0.20630426704883575 0.3730618357658386 0.09232568740844727 0.17965729534626007
3 0.15715035796165466 0.5859511494636536 0.09638180583715439 0.18822821974754333
5 0.3163291811943054 0.3736375570297241 0.10048146545886993 0.17364470660686493
11 0.3578718304634094 0.5779628753662109 0.09915900230407715 0.18432842195034027
11 0.25622743368148804 0.5815609097480774 0.09247303009033203 0.17806069552898407
