6 0.14792394638061523 0.5989596843719482 0.07025694847106934 0.14523328840732574
6 0.22633329033851624 0.6027071475982666 0.06693173944950104 0.14697660505771637
6 0.3059252202510834 0.6029042601585388 0.07063865661621094 0.14476703107357025
5 0.26442456245422363 0.43850383162498474 0.06439991295337677 0.13914363086223602
6 0.18451014161109924 0.4338668882846832 0.07340874522924423 0.14174309372901917
4 0.22630782425403595 0.6025704741477966 0.06453610956668854 0.14405809342861176
6 0.14792394638061523 0.5989596843719482 0.07025694847106934 0.14523328840732574
6 0.22633329033851624 0.6027071475982666 0.06693173944950104 0.14697660505771637
6 0.3059252202510834 0.6029042601585388 0.07063865661621094 0.14476703107357025
5 0.26442456245422363 0.43850383162498474 0.06439991295337677 0.13914363086223602
6 0.18451014161109924 0.4338668882846832 0.07340874522924423 0.14174309372901917
4 0.22630782425403595 0.6025704741477966 0.06453610956668854 0.14405809342861176
