1 0.453358 0.406651 0.042193 0.113628
5 0.341778 0.41338 0.056266 0.113102
1 0.578003 0.744541 0.04 0.107779
5 0.559578 0.388494 0.040202 0.108811
1 0.670715 0.387769 0.057997 0.112596
1 0.63128 0.745756 0.054903 0.113393
1 0.469286 0.765576 0.023931 0.103811
1 0.609873 0.389849 0.053721 0.111862
13 0.385641 0.292459 0.057482 0.112675
1 0.43337 0.766648 0.039995 0.110049
13 0.598964 0.269594 0.048813 0.113072
16 0.656392 0.267447 0.068591 0.115209
1 0.402279 0.411541 0.050934 0.10907
22 0.664935 0.624406 0.022778 0.116682
5 0.376919 0.77007 0.058488 0.115913
16 0.442528 0.2904 0.046711 0.111278
22 0.332146 0.649997 0.026076 0.115663
16 0.621574 0.624187 0.057355 0.112207
28 0.707545 0.626574 0.050085 0.120755
19 0.376476 0.65027 0.050326 0.119581
33 0.260814 0.296203 0.044362 0.112182
13 0.568061 0.621717 0.038164 0.11145
19 0.334218 0.294458 0.051695 0.112922
33 0.292283 0.64954 0.050123 0.115351
28 0.744543 0.264054 0.051722 0.115279
19 0.555848 0.273255 0.032072 0.11653
22 0.705386 0.262564 0.024856 0.118668
13 0.421545 0.64957 0.047307 0.110115
16 0.464442 0.642621 0.033676 0.117599
5 0.547028 0.741511 0.030469 0.112253
22 0.295126 0.298622 0.020482 0.113253
