6 0.594802 0.316906 0.032714 0.063932
17 0.662913 0.252326 0.029616 0.062856
33 0.695984 0.252959 0.035491 0.065003
30 0.560047 0.253151 0.033112 0.064042
34 0.427285 0.27434 0.027991 0.063185
11 0.661124 0.317059 0.033368 0.064964
5 0.628 0.317362 0.030389 0.064481
17 0.399148 0.273061 0.02768 0.063609
42 0.633643 0.251301 0.027266 0.062348
19 0.589648 0.251992 0.027083 0.062419
34 0.456404 0.274328 0.031528 0.065426
33 0.368414 0.273371 0.032119 0.063563
22 0.612452 0.250564 0.015725 0.061486
27 0.254519 0.27374 0.040327 0.0697
22 0.281653 0.274072 0.014936 0.059743
28 0.304305 0.270753 0.027382 0.066381
22 0.324469 0.271417 0.01394 0.059743
30 0.343636 0.274072 0.024395 0.070364
