13 0.600753 0.304581 0.049124 0.110964
7 0.384188 0.751182 0.052143 0.113237
1 0.663285 0.426172 0.059299 0.115113
28 0.740578 0.633436 0.051052 0.116847
16 0.654947 0.633144 0.064033 0.117035
13 0.594282 0.635086 0.045592 0.111237
28 0.748908 0.301472 0.049344 0.113451
7 0.603008 0.425796 0.047144 0.108278
1 0.652969 0.755627 0.05845 0.110541
2 0.55925 0.755001 0.032382 0.113312
2 0.331558 0.752228 0.039408 0.113774
1 0.437171 0.751215 0.041772 0.106664
7 0.396618 0.408277 0.050668 0.109885
16 0.662631 0.304011 0.064533 0.111677
2 0.56152 0.426395 0.029301 0.098639
13 0.388686 0.287777 0.052521 0.10995
19 0.330839 0.627633 0.053341 0.118509
16 0.438049 0.628018 0.045939 0.11176
22 0.294638 0.28768 0.025621 0.116116
33 0.253823 0.630067 0.042777 0.114374
22 0.289621 0.62843 0.02199 0.115939
33 0.254698 0.288906 0.048974 0.116322
13 0.381384 0.627277 0.054255 0.116025
1 0.447512 0.405686 0.03903 0.109845
19 0.338315 0.287801 0.056216 0.118167
7 0.598128 0.754052 0.040166 0.111787
19 0.557158 0.310866 0.036243 0.11751
2 0.343234 0.409591 0.041075 0.112997
22 0.708775 0.304255 0.020017 0.11308
16 0.44422 0.283266 0.044942 0.106115
22 0.702209 0.634528 0.025151 0.117014
19 0.559179 0.631757 0.032946 0.11049
22 0.71482 0.303747 0.030117 0.111992
