17 0.2771 0.56787 0.071639 0.099249
7 0.762041 0.660708 0.063736 0.117566
13 0.211628 0.471234 0.063704 0.105537
17 0.355816 0.468035 0.070767 0.106967
22 0.76654 0.28151 0.040049 0.119159
33 0.42643 0.467049 0.065202 0.106642
33 0.27725 0.673544 0.076015 0.103019
15 0.673588 0.320136 0.081457 0.113014
1 0.856189 0.618126 0.080166 0.112995
14 0.132169 0.472738 0.076733 0.109995
41 0.276482 0.467055 0.069123 0.100276
4 0.668343 0.621508 0.081887 0.122879
13 0.274399 0.368067 0.071534 0.095645
14 0.270697 0.266434 0.080876 0.099405
30 0.855469 0.320964 0.098633 0.144531
