4 0.5950980186462402 0.22335629165172577 0.12277984619140625 0.21461772918701172
2 0.37446311116218567 0.7088084816932678 0.06499677896499634 0.225819393992424
5 0.47995585203170776 0.7131063342094421 0.1146392822265625 0.232171893119812
11 0.45084530115127563 0.22551719844341278 0.1361311972141266 0.2096211463212967
10 0.6216138005256653 0.6976463198661804 0.11681592464447021 0.20611421763896942
4 0.5950980186462402 0.22335629165172577 0.12277984619140625 0.21461772918701172
2 0.37446311116218567 0.7088084816932678 0.06499677896499634 0.225819393992424
5 0.47995585203170776 0.7131063342094421 0.1146392822265625 0.232171893119812
11 0.45084530115127563 0.22551719844341278 0.1361311972141266 0.2096211463212967
10 0.6216138005256653 0.6976463198661804 0.11681592464447021 0.20611421763896942
