4 0.596365213394165 0.228449746966362 0.12196749448776245 0.23083679378032684
8 0.338940292596817 0.7106701731681824 0.09560871124267578 0.1779896765947342
10 0.6880824565887451 0.7079417109489441 0.0956832766532898 0.1719965934753418
4 0.45357435941696167 0.7093680500984192 0.0897531509399414 0.17346446216106415
11 0.4470301568508148 0.23133499920368195 0.12273949384689331 0.228510782122612
7 0.5684154033660889 0.7087428569793701 0.09282457828521729 0.1754450798034668
4 0.596365213394165 0.228449746966362 0.12196749448776245 0.23083679378032684
8 0.338940292596817 0.7106701731681824 0.09560871124267578 0.1779896765947342
10 0.6880824565887451 0.7079417109489441 0.0956832766532898 0.1719965934753418
4 0.45357435941696167 0.7093680500984192 0.0897531509399414 0.17346446216106415
11 0.4470301568508148 0.23133499920368195 0.12273949384689331 0.228510782122612
7 0.5684154033660889 0.7087428569793701 0.09282457828521729 0.1754450798034668
4 0.596365213394165 0.228449746966362 0.12196749448776245 0.23083679378032684
8 0.338940292596817 0.7106701731681824 0.09560871124267578 0.1779896765947342
10 0.6880824565887451 0.7079417109489441 0.0956832766532898 0.1719965934753418
4 0.45357435941696167 0.7093680500984192 0.0897531509399414 0.17346446216106415
11 0.4470301568508148 0.23133499920368195 0.12273949384689331 0.228510782122612
7 0.5684154033660889 0.7087428569793701 0.09282457828521729 0.1754450798034668
4 0.596365213394165 0.228449746966362 0.12196749448776245 0.23083679378032684
8 0.338940292596817 0.7106701731681824 0.09560871124267578 0.1779896765947342
10 0.6880824565887451 0.7079417109489441 0.0956832766532898 0.1719965934753418
4 0.45357435941696167 0.7093680500984192 0.0897531509399414 0.17346446216106415
11 0.4470301568508148 0.23133499920368195 0.12273949384689331 0.228510782122612
7 0.5684154033660889 0.7087428569793701 0.09282457828521729 0.1754450798034668
