4 0.37485671043395996 0.4655977785587311 0.09927433729171753 0.19653654098510742
3 0.8902705907821655 0.46621498465538025 0.07646751403808594 0.14654910564422607
8 0.6410821676254272 0.476987361907959 0.07473868131637573 0.14417000114917755
11 0.169221431016922 0.4694992005825043 0.10407426208257675 0.19470758736133575
10 0.8042343258857727 0.4674088954925537 0.07443106174468994 0.13502061367034912
4 0.7214873433113098 0.4765310287475586 0.06663358211517334 0.14178554713726044
11 0.8047357201576233 0.4681251049041748 0.07635080814361572 0.13832001388072968
4 0.37485671043395996 0.4655977785587311 0.09927433729171753 0.19653654098510742
3 0.8902705907821655 0.46621498465538025 0.07646751403808594 0.14654910564422607
8 0.6410821676254272 0.476987361907959 0.07473868131637573 0.14417000114917755
11 0.169221431016922 0.4694992005825043 0.10407426208257675 0.19470758736133575
10 0.8042343258857727 0.4674088954925537 0.07443106174468994 0.13502061367034912
4 0.7214873433113098 0.4765310287475586 0.06663358211517334 0.14178554713726044
11 0.8047357201576233 0.4681251049041748 0.07635080814361572 0.13832001388072968
4 0.37485671043395996 0.4655977785587311 0.09927433729171753 0.19653654098510742
3 0.8902705907821655 0.46621498465538025 0.07646751403808594 0.14654910564422607
8 0.6410821676254272 0.476987361907959 0.07473868131637573 0.14417000114917755
11 0.169221431016922 0.4694992005825043 0.10407426208257675 0.19470758736133575
10 0.8042343258857727 0.4674088954925537 0.07443106174468994 0.13502061367034912
4 0.7214873433113098 0.4765310287475586 0.06663358211517334 0.14178554713726044
11 0.8047357201576233 0.4681251049041748 0.07635080814361572 0.13832001388072968
4 0.37485671043395996 0.4655977785587311 0.09927433729171753 0.19653654098510742
3 0.8902705907821655 0.46621498465538025 0.07646751403808594 0.14654910564422607
8 0.6410821676254272 0.476987361907959 0.07473868131637573 0.14417000114917755
11 0.169221431016922 0.4694992005825043 0.10407426208257675 0.19470758736133575
10 0.8042343258857727 0.4674088954925537 0.07443106174468994 0.13502061367034912
4 0.7214873433113098 0.4765310287475586 0.06663358211517334 0.14178554713726044
11 0.8047357201576233 0.4681251049041748 0.07635080814361572 0.13832001388072968
