3 0.7456355094909668 0.27308276295661926 0.06412577629089355 0.1111496090888977
8 0.5918357372283936 0.2386275678873062 0.08641791343688965 0.17577867209911346
8 0.46812325716018677 0.710618793964386 0.09612560272216797 0.18891386687755585
33 0.3504813313484192 0.2385358363389969 0.05789855122566223 0.1687946915626526
36 0.43101805448532104 0.23473341763019562 0.08372068405151367 0.17869579792022705
2 0.5518738031387329 0.7104873657226562 0.055586040019989014 0.1859540492296219
2 0.38313108682632446 0.711064338684082 0.054668694734573364 0.18572454154491425
11 0.6344603300094604 0.7134364247322083 0.08897978067398071 0.1870826929807663
3 0.7456355094909668 0.27308276295661926 0.06412577629089355 0.1111496090888977
8 0.5918357372283936 0.2386275678873062 0.08641791343688965 0.17577867209911346
8 0.46812325716018677 0.710618793964386 0.09612560272216797 0.18891386687755585
33 0.3504813313484192 0.2385358363389969 0.05789855122566223 0.1687946915626526
36 0.43101805448532104 0.23473341763019562 0.08372068405151367 0.17869579792022705
2 0.5518738031387329 0.7104873657226562 0.055586040019989014 0.1859540492296219
2 0.38313108682632446 0.711064338684082 0.054668694734573364 0.18572454154491425
11 0.6344603300094604 0.7134364247322083 0.08897978067398071 0.1870826929807663
3 0.7456355094909668 0.27308276295661926 0.06412577629089355 0.1111496090888977
8 0.5918357372283936 0.2386275678873062 0.08641791343688965 0.17577867209911346
8 0.46812325716018677 0.710618793964386 0.09612560272216797 0.18891386687755585
33 0.3504813313484192 0.2385358363389969 0.05789855122566223 0.1687946915626526
36 0.43101805448532104 0.23473341763019562 0.08372068405151367 0.17869579792022705
2 0.5518738031387329 0.7104873657226562 0.055586040019989014 0.1859540492296219
2 0.38313108682632446 0.711064338684082 0.054668694734573364 0.18572454154491425
11 0.6344603300094604 0.7134364247322083 0.08897978067398071 0.1870826929807663
