4 0.6346294283866882 0.7084751725196838 0.09041881561279297 0.1852855682373047
2 0.3858034610748291 0.7077721953392029 0.05500668287277222 0.18867921829223633
3 0.6336718201637268 0.24491886794567108 0.09124243259429932 0.17931048572063446
36 0.4302067160606384 0.23505695164203644 0.08221808075904846 0.17474263906478882
2 0.5559728741645813 0.7053857445716858 0.05427205562591553 0.19171588122844696
8 0.4693514108657837 0.7070757746696472 0.09493198990821838 0.19003088772296906
33 0.35200661420822144 0.23405587673187256 0.05771160125732422 0.17223714292049408
4 0.6346294283866882 0.7084751725196838 0.09041881561279297 0.1852855682373047
2 0.3858034610748291 0.7077721953392029 0.05500668287277222 0.18867921829223633
3 0.6336718201637268 0.24491886794567108 0.09124243259429932 0.17931048572063446
36 0.4302067160606384 0.23505695164203644 0.08221808075904846 0.17474263906478882
2 0.5559728741645813 0.7053857445716858 0.05427205562591553 0.19171588122844696
8 0.4693514108657837 0.7070757746696472 0.09493198990821838 0.19003088772296906
33 0.35200661420822144 0.23405587673187256 0.05771160125732422 0.17223714292049408
4 0.6346294283866882 0.7084751725196838 0.09041881561279297 0.1852855682373047
2 0.3858034610748291 0.7077721953392029 0.05500668287277222 0.18867921829223633
3 0.6336718201637268 0.24491886794567108 0.09124243259429932 0.17931048572063446
36 0.4302067160606384 0.23505695164203644 0.08221808075904846 0.17474263906478882
2 0.5559728741645813 0.7053857445716858 0.05427205562591553 0.19171588122844696
8 0.4693514108657837 0.7070757746696472 0.09493198990821838 0.19003088772296906
33 0.35200661420822144 0.23405587673187256 0.05771160125732422 0.17223714292049408
