8 0.6382699012756348 0.47314202785491943 0.06540709733963013 0.15970413386821747
1 0.8073700666427612 0.4728568494319916 0.0757097601890564 0.15204723179340363
11 0.17856386303901672 0.4702596962451935 0.10777036845684052 0.2034345418214798
4 0.3774240016937256 0.4678771495819092 0.10227680206298828 0.21101009845733643
3 0.7182410955429077 0.4712323248386383 0.0779539942741394 0.15197670459747314
7 0.8965522050857544 0.47627902030944824 0.06897979974746704 0.13869552314281464
8 0.6382699012756348 0.47314202785491943 0.06540709733963013 0.15970413386821747
1 0.8073700666427612 0.4728568494319916 0.0757097601890564 0.15204723179340363
11 0.17856386303901672 0.4702596962451935 0.10777036845684052 0.2034345418214798
4 0.3774240016937256 0.4678771495819092 0.10227680206298828 0.21101009845733643
3 0.7182410955429077 0.4712323248386383 0.0779539942741394 0.15197670459747314
7 0.8965522050857544 0.47627902030944824 0.06897979974746704 0.13869552314281464
8 0.6382699012756348 0.47314202785491943 0.06540709733963013 0.15970413386821747
1 0.8073700666427612 0.4728568494319916 0.0757097601890564 0.15204723179340363
11 0.17856386303901672 0.4702596962451935 0.10777036845684052 0.2034345418214798
4 0.3774240016937256 0.4678771495819092 0.10227680206298828 0.21101009845733643
3 0.7182410955429077 0.4712323248386383 0.0779539942741394 0.15197670459747314
7 0.8965522050857544 0.47627902030944824 0.06897979974746704 0.13869552314281464
8 0.6382699012756348 0.47314202785491943 0.06540709733963013 0.15970413386821747
1 0.8073700666427612 0.4728568494319916 0.0757097601890564 0.15204723179340363
11 0.17856386303901672 0.4702596962451935 0.10777036845684052 0.2034345418214798
4 0.3774240016937256 0.4678771495819092 0.10227680206298828 0.21101009845733643
3 0.7182410955429077 0.4712323248386383 0.0779539942741394 0.15197670459747314
7 0.8965522050857544 0.47627902030944824 0.06897979974746704 0.13869552314281464
8 0.6382699012756348 0.47314202785491943 0.06540709733963013 0.15970413386821747
1 0.8073700666427612 0.4728568494319916 0.0757097601890564 0.15204723179340363
11 0.17856386303901672 0.4702596962451935 0.10777036845684052 0.2034345418214798
4 0.3774240016937256 0.4678771495819092 0.10227680206298828 0.21101009845733643
3 0.7182410955429077 0.4712323248386383 0.0779539942741394 0.15197670459747314
7 0.8965522050857544 0.47627902030944824 0.06897979974746704 0.13869552314281464
