2 0.6010441184043884 0.23762397468090057 0.05315113067626953 0.1654944270849228
3 0.5495980381965637 0.7187292575836182 0.10956326127052307 0.1919800043106079
36 0.4305255115032196 0.23773957788944244 0.08396947383880615 0.17194883525371552
8 0.4378170073032379 0.7114694118499756 0.09875601530075073 0.188226580619812
2 0.3526809811592102 0.7088449597358704 0.05556812882423401 0.185206338763237
33 0.35012340545654297 0.23832756280899048 0.05908644199371338 0.16755492985248566
1 0.6639956831932068 0.712102472782135 0.09887731075286865 0.18197695910930634
1 0.679612934589386 0.23696136474609375 0.08611834049224854 0.16096903383731842
2 0.6010441184043884 0.23762397468090057 0.05315113067626953 0.1654944270849228
3 0.5495980381965637 0.7187292575836182 0.10956326127052307 0.1919800043106079
36 0.4305255115032196 0.23773957788944244 0.08396947383880615 0.17194883525371552
8 0.4378170073032379 0.7114694118499756 0.09875601530075073 0.188226580619812
2 0.3526809811592102 0.7088449597358704 0.05556812882423401 0.185206338763237
33 0.35012340545654297 0.23832756280899048 0.05908644199371338 0.16755492985248566
1 0.6639956831932068 0.712102472782135 0.09887731075286865 0.18197695910930634
1 0.679612934589386 0.23696136474609375 0.08611834049224854 0.16096903383731842
2 0.6010441184043884 0.23762397468090057 0.05315113067626953 0.1654944270849228
3 0.5495980381965637 0.7187292575836182 0.10956326127052307 0.1919800043106079
36 0.4305255115032196 0.23773957788944244 0.08396947383880615 0.17194883525371552
8 0.4378170073032379 0.7114694118499756 0.09875601530075073 0.188226580619812
2 0.3526809811592102 0.7088449597358704 0.05556812882423401 0.185206338763237
33 0.35012340545654297 0.23832756280899048 0.05908644199371338 0.16755492985248566
1 0.6639956831932068 0.712102472782135 0.09887731075286865 0.18197695910930634
1 0.679612934589386 0.23696136474609375 0.08611834049224854 0.16096903383731842
