5 0.44585779309272766 0.717919647693634 0.10857218503952026 0.21497194468975067
4 0.592818021774292 0.23885099589824677 0.12697017192840576 0.24957877397537231
8 0.31864458322525024 0.7098672389984131 0.11093929409980774 0.21204312145709991
6 0.5799216032028198 0.7128785252571106 0.11807769536972046 0.21948154270648956
8 0.7134021520614624 0.7133235931396484 0.12195760011672974 0.22104616463184357
11 0.44706594944000244 0.23436562716960907 0.1252959966659546 0.23887361586093903
5 0.44585779309272766 0.717919647693634 0.10857218503952026 0.21497194468975067
4 0.592818021774292 0.23885099589824677 0.12697017192840576 0.24957877397537231
8 0.31864458322525024 0.7098672389984131 0.11093929409980774 0.21204312145709991
6 0.5799216032028198 0.7128785252571106 0.11807769536972046 0.21948154270648956
8 0.7134021520614624 0.7133235931396484 0.12195760011672974 0.22104616463184357
11 0.44706594944000244 0.23436562716960907 0.1252959966659546 0.23887361586093903
5 0.44585779309272766 0.717919647693634 0.10857218503952026 0.21497194468975067
4 0.592818021774292 0.23885099589824677 0.12697017192840576 0.24957877397537231
8 0.31864458322525024 0.7098672389984131 0.11093929409980774 0.21204312145709991
6 0.5799216032028198 0.7128785252571106 0.11807769536972046 0.21948154270648956
8 0.7134021520614624 0.7133235931396484 0.12195760011672974 0.22104616463184357
11 0.44706594944000244 0.23436562716960907 0.1252959966659546 0.23887361586093903
5 0.44585779309272766 0.717919647693634 0.10857218503952026 0.21497194468975067
4 0.592818021774292 0.23885099589824677 0.12697017192840576 0.24957877397537231
8 0.31864458322525024 0.7098672389984131 0.11093929409980774 0.21204312145709991
6 0.5799216032028198 0.7128785252571106 0.11807769536972046 0.21948154270648956
8 0.7134021520614624 0.7133235931396484 0.12195760011672974 0.22104616463184357
11 0.44706594944000244 0.23436562716960907 0.1252959966659546 0.23887361586093903
5 0.44585779309272766 0.717919647693634 0.10857218503952026 0.21497194468975067
4 0.592818021774292 0.23885099589824677 0.12697017192840576 0.24957877397537231
8 0.31864458322525024 0.7098672389984131 0.11093929409980774 0.21204312145709991
6 0.5799216032028198 0.7128785252571106 0.11807769536972046 0.21948154270648956
8 0.7134021520614624 0.7133235931396484 0.12195760011672974 0.22104616463184357
11 0.44706594944000244 0.23436562716960907 0.1252959966659546 0.23887361586093903
5 0.44585779309272766 0.717919647693634 0.10857218503952026 0.21497194468975067
4 0.592818021774292 0.23885099589824677 0.12697017192840576 0.24957877397537231
8 0.31864458322525024 0.7098672389984131 0.11093929409980774 0.21204312145709991
6 0.5799216032028198 0.7128785252571106 0.11807769536972046 0.21948154270648956
8 0.7134021520614624 0.7133235931396484 0.12195760011672974 0.22104616463184357
11 0.44706594944000244 0.23436562716960907 0.1252959966659546 0.23887361586093903
