4 0.4269900321960449 0.23148860037326813 0.09257301688194275 0.16743986308574677
2 0.49239033460617065 0.7117699980735779 0.049934953451156616 0.1835584193468094
2 0.562285304069519 0.7093208432197571 0.05479508638381958 0.18485109508037567
8 0.3938661813735962 0.7080163955688477 0.09451732039451599 0.18840241432189941
11 0.32952743768692017 0.2314479798078537 0.0823574960231781 0.1676519513130188
4 0.6503235697746277 0.7068087458610535 0.09076535701751709 0.1790776252746582
4 0.4269900321960449 0.23148860037326813 0.09257301688194275 0.16743986308574677
2 0.49239033460617065 0.7117699980735779 0.049934953451156616 0.1835584193468094
2 0.562285304069519 0.7093208432197571 0.05479508638381958 0.18485109508037567
8 0.3938661813735962 0.7080163955688477 0.09451732039451599 0.18840241432189941
11 0.32952743768692017 0.2314479798078537 0.0823574960231781 0.1676519513130188
4 0.6503235697746277 0.7068087458610535 0.09076535701751709 0.1790776252746582
