3 0.38609445095062256 0.7098873257637024 0.08245712518692017 0.18640685081481934
4 0.5697518587112427 0.22971896827220917 0.08389568328857422 0.17885202169418335
3 0.47443288564682007 0.712367832660675 0.07940074801445007 0.1843934804201126
3 0.6522892713546753 0.7137497067451477 0.08371740579605103 0.18430940806865692
11 0.47262609004974365 0.22967232763767242 0.09361645579338074 0.17443029582500458
8 0.5617770552635193 0.7102761268615723 0.07449066638946533 0.17966203391551971
3 0.38609445095062256 0.7098873257637024 0.08245712518692017 0.18640685081481934
4 0.5697518587112427 0.22971896827220917 0.08389568328857422 0.17885202169418335
3 0.47443288564682007 0.712367832660675 0.07940074801445007 0.1843934804201126
3 0.6522892713546753 0.7137497067451477 0.08371740579605103 0.18430940806865692
11 0.47262609004974365 0.22967232763767242 0.09361645579338074 0.17443029582500458
8 0.5617770552635193 0.7102761268615723 0.07449066638946533 0.17966203391551971
