3 0.8969232439994812 0.48072028160095215 0.08379364013671875 0.17998731136322021
6 0.6394284963607788 0.4657943546772003 0.08665889501571655 0.17743706703186035
4 0.33820274472236633 0.4773067533969879 0.09898257255554199 0.22075743973255157
11 0.2143341451883316 0.4814516603946686 0.11231932044029236 0.21947963535785675
8 0.8017183542251587 0.47354236245155334 0.08689075708389282 0.1793612241744995
2 0.7232761383056641 0.4709681272506714 0.053537964820861816 0.17998528480529785
3 0.8969232439994812 0.48072028160095215 0.08379364013671875 0.17998731136322021
6 0.6394284963607788 0.4657943546772003 0.08665889501571655 0.17743706703186035
4 0.33820274472236633 0.4773067533969879 0.09898257255554199 0.22075743973255157
11 0.2143341451883316 0.4814516603946686 0.11231932044029236 0.21947963535785675
8 0.8017183542251587 0.47354236245155334 0.08689075708389282 0.1793612241744995
2 0.7232761383056641 0.4709681272506714 0.053537964820861816 0.17998528480529785
3 0.8969232439994812 0.48072028160095215 0.08379364013671875 0.17998731136322021
6 0.6394284963607788 0.4657943546772003 0.08665889501571655 0.17743706703186035
4 0.33820274472236633 0.4773067533969879 0.09898257255554199 0.22075743973255157
11 0.2143341451883316 0.4814516603946686 0.11231932044029236 0.21947963535785675
8 0.8017183542251587 0.47354236245155334 0.08689075708389282 0.1793612241744995
2 0.7232761383056641 0.4709681272506714 0.053537964820861816 0.17998528480529785
