1 0.60896 0.340137 0.134031 0.079172
17 0.349716 0.784797 0.162889 0.104573
2 0.613509 0.172976 0.131035 0.060869
38 0.34855 0.687101 0.160772 0.104519
38 0.352628 0.140323 0.161296 0.092661
7 0.612351 0.826718 0.130582 0.089082
28 0.350812 0.665871 0.161878 0.064579
13 0.358458 0.068196 0.161553 0.08872
2 0.614561 0.097791 0.13299 0.052853
13 0.352345 0.599591 0.158591 0.116421
4 0.607319 0.88162 0.128095 0.056752
17 0.352001 0.238886 0.167649 0.120528
35 0.350419 0.871212 0.15462 0.060947
2 0.343492 0.34193 0.167803 0.083804
11 0.608398 0.257161 0.133789 0.092448
56 0.625 0.715495 0.112305 0.134115
49 0.646973 0.601563 0.148438 0.088542
