4 0.6545541882514954 0.24297530949115753 0.12771451473236084 0.23619967699050903
3 0.33256995677948 0.7188918590545654 0.11241808533668518 0.2000885009765625
3 0.4610993266105652 0.7172669768333435 0.10553225874900818 0.19221317768096924
11 0.39090561866760254 0.2253485471010208 0.12242493033409119 0.23266445100307465
10 0.7037383317947388 0.7087244987487793 0.10086077451705933 0.18452541530132294
7 0.5828813314437866 0.7133778929710388 0.09876632690429688 0.18576860427856445
4 0.6545541882514954 0.24297530949115753 0.12771451473236084 0.23619967699050903
3 0.33256995677948 0.7188918590545654 0.11241808533668518 0.2000885009765625
3 0.4610993266105652 0.7172669768333435 0.10553225874900818 0.19221317768096924
11 0.39090561866760254 0.2253485471010208 0.12242493033409119 0.23266445100307465
10 0.7037383317947388 0.7087244987487793 0.10086077451705933 0.18452541530132294
7 0.5828813314437866 0.7133778929710388 0.09876632690429688 0.18576860427856445
4 0.6545541882514954 0.24297530949115753 0.12771451473236084 0.23619967699050903
3 0.33256995677948 0.7188918590545654 0.11241808533668518 0.2000885009765625
3 0.4610993266105652 0.7172669768333435 0.10553225874900818 0.19221317768096924
11 0.39090561866760254 0.2253485471010208 0.12242493033409119 0.23266445100307465
10 0.7037383317947388 0.7087244987487793 0.10086077451705933 0.18452541530132294
7 0.5828813314437866 0.7133778929710388 0.09876632690429688 0.18576860427856445
