4 0.34796708822250366 0.5153484344482422 0.09447002410888672 0.19563846290111542
3 0.7877428531646729 0.5221400260925293 0.0800979733467102 0.1554064303636551
2 0.7159926295280457 0.5191712975502014 0.045024871826171875 0.14151406288146973
11 0.22699086368083954 0.5135501027107239 0.11138662695884705 0.19853825867176056
5 0.8839036822319031 0.5153021216392517 0.0768359899520874 0.14830362796783447
4 0.34796708822250366 0.5153484344482422 0.09447002410888672 0.19563846290111542
3 0.7877428531646729 0.5221400260925293 0.0800979733467102 0.1554064303636551
2 0.7159926295280457 0.5191712975502014 0.045024871826171875 0.14151406288146973
11 0.22699086368083954 0.5135501027107239 0.11138662695884705 0.19853825867176056
5 0.8839036822319031 0.5153021216392517 0.0768359899520874 0.14830362796783447
