13 0.466307 0.237121 0.067854 0.157587
2 0.689859 0.321025 0.040729 0.140182
4 0.744302 0.324977 0.057819 0.139232
56 0.691192 0.148114 0.076059 0.113822
35 0.301889 0.240165 0.063659 0.164232
17 0.359652 0.240246 0.061515 0.164584
38 0.412666 0.236417 0.057404 0.159922
7 0.577375 0.131173 0.054241 0.13606
1 0.594871 0.31765 0.054605 0.139165
11 0.646996 0.319743 0.047419 0.139741
1 0.629573 0.132662 0.048628 0.132274
49 0.757388 0.168941 0.056284 0.149435
56 0.679978 0.146491 0.054073 0.113718
