33 0.4490569531917572 0.2411823868751526 0.1088377833366394 0.25979849696159363
8 0.35955289006233215 0.7008174061775208 0.1198275089263916 0.24147987365722656
36 0.5839412212371826 0.2381514310836792 0.12599068880081177 0.2590227723121643
2 0.588845431804657 0.7094283103942871 0.059526801109313965 0.21546149253845215
4 0.6900550127029419 0.7083674073219299 0.10538524389266968 0.21684443950653076
7 0.48736172914505005 0.7078103423118591 0.10269775986671448 0.21285884082317352
33 0.4490569531917572 0.2411823868751526 0.1088377833366394 0.25979849696159363
8 0.35955289006233215 0.7008174061775208 0.1198275089263916 0.24147987365722656
36 0.5839412212371826 0.2381514310836792 0.12599068880081177 0.2590227723121643
2 0.588845431804657 0.7094283103942871 0.059526801109313965 0.21546149253845215
4 0.6900550127029419 0.7083674073219299 0.10538524389266968 0.21684443950653076
7 0.48736172914505005 0.7078103423118591 0.10269775986671448 0.21285884082317352
