4 0.8981339335441589 0.4764845073223114 0.07386934757232666 0.15223591029644012
5 0.8108693361282349 0.4778956472873688 0.07689398527145386 0.14948435127735138
11 0.2109013944864273 0.4690133035182953 0.11033234000205994 0.2198381870985031
4 0.3400720953941345 0.46787428855895996 0.10904178023338318 0.22472123801708221
7 0.7192886471748352 0.472890704870224 0.07658922672271729 0.14860542118549347
11 0.6308741569519043 0.4732391834259033 0.07503032684326172 0.14276599884033203
4 0.8981339335441589 0.4764845073223114 0.07386934757232666 0.15223591029644012
5 0.8108693361282349 0.4778956472873688 0.07689398527145386 0.14948435127735138
11 0.2109013944864273 0.4690133035182953 0.11033234000205994 0.2198381870985031
4 0.3400720953941345 0.46787428855895996 0.10904178023338318 0.22472123801708221
7 0.7192886471748352 0.472890704870224 0.07658922672271729 0.14860542118549347
11 0.6308741569519043 0.4732391834259033 0.07503032684326172 0.14276599884033203
4 0.8981339335441589 0.4764845073223114 0.07386934757232666 0.15223591029644012
5 0.8108693361282349 0.4778956472873688 0.07689398527145386 0.14948435127735138
11 0.2109013944864273 0.4690133035182953 0.11033234000205994 0.2198381870985031
4 0.3400720953941345 0.46787428855895996 0.10904178023338318 0.22472123801708221
7 0.7192886471748352 0.472890704870224 0.07658922672271729 0.14860542118549347
11 0.6308741569519043 0.4732391834259033 0.07503032684326172 0.14276599884033203
4 0.8981339335441589 0.4764845073223114 0.07386934757232666 0.15223591029644012
5 0.8108693361282349 0.4778956472873688 0.07689398527145386 0.14948435127735138
11 0.2109013944864273 0.4690133035182953 0.11033234000205994 0.2198381870985031
4 0.3400720953941345 0.46787428855895996 0.10904178023338318 0.22472123801708221
7 0.7192886471748352 0.472890704870224 0.07658922672271729 0.14860542118549347
11 0.6308741569519043 0.4732391834259033 0.07503032684326172 0.14276599884033203
