4 0.375637412071228 0.46817442774772644 0.0993262231349945 0.19893097877502441
11 0.861268162727356 0.4721755087375641 0.1032373309135437 0.19943757355213165
11 0.1723627746105194 0.4711463749408722 0.10227499902248383 0.19908611476421356
2 0.6489545106887817 0.47173213958740234 0.06016349792480469 0.2105625420808792
11 0.7322903871536255 0.47021913528442383 0.11159783601760864 0.2021544724702835
4 0.375637412071228 0.46817442774772644 0.0993262231349945 0.19893097877502441
11 0.861268162727356 0.4721755087375641 0.1032373309135437 0.19943757355213165
11 0.1723627746105194 0.4711463749408722 0.10227499902248383 0.19908611476421356
2 0.6489545106887817 0.47173213958740234 0.06016349792480469 0.2105625420808792
11 0.7322903871536255 0.47021913528442383 0.11159783601760864 0.2021544724702835
