4 0.367936372756958 0.46870338916778564 0.10593926906585693 0.20199036598205566
11 0.17823266983032227 0.4686419665813446 0.0952664315700531 0.18559296429157257
6 0.827763557434082 0.4751427173614502 0.06745344400405884 0.12782227993011475
7 0.9013903141021729 0.4684503972530365 0.059161365032196045 0.12429968267679214
3 0.6994413137435913 0.47797074913978577 0.06534385681152344 0.1217140331864357
8 0.6272224187850952 0.4729550778865814 0.06631332635879517 0.12644656002521515
4 0.367936372756958 0.46870338916778564 0.10593926906585693 0.20199036598205566
11 0.17823266983032227 0.4686419665813446 0.0952664315700531 0.18559296429157257
6 0.827763557434082 0.4751427173614502 0.06745344400405884 0.12782227993011475
7 0.9013903141021729 0.4684503972530365 0.059161365032196045 0.12429968267679214
3 0.6994413137435913 0.47797074913978577 0.06534385681152344 0.1217140331864357
8 0.6272224187850952 0.4729550778865814 0.06631332635879517 0.12644656002521515
