34 0.24418 0.309727 0.043839 0.088951
17 0.20328 0.502364 0.049382 0.096715
34 0.252201 0.500261 0.043479 0.08821
33 0.30282 0.498913 0.048325 0.095307
29 0.347325 0.35033 0.057539 0.083585
15 0.298104 0.314572 0.05161 0.087845
2 0.173007 0.677997 0.044223 0.105234
2 0.214902 0.68646 0.032246 0.093166
10 0.270662 0.689908 0.052128 0.094228
20 0.111587 0.462708 0.067601 0.07421
6 0.338401 0.653438 0.064363 0.077874
13 0.141554 0.395547 0.068287 0.076239
28 0.386863 0.419515 0.075744 0.092012
22 0.205521 0.315684 0.029989 0.087432
38 0.166706 0.336494 0.053975 0.072898
