8 0.88618403673172 0.46532800793647766 0.0809011459350586 0.14889295399188995
1 0.7241848707199097 0.46758580207824707 0.06944602727890015 0.1483486145734787
33 0.22959619760513306 0.46693506836891174 0.0686151534318924 0.18446402251720428
5 0.6420011520385742 0.4669785499572754 0.0737299919128418 0.1493627279996872
36 0.31401997804641724 0.4670591354370117 0.07651349902153015 0.18896210193634033
11 0.8055782318115234 0.4661829173564911 0.07158243656158447 0.15131504833698273
8 0.88618403673172 0.46532800793647766 0.0809011459350586 0.14889295399188995
1 0.7241848707199097 0.46758580207824707 0.06944602727890015 0.1483486145734787
33 0.22959619760513306 0.46693506836891174 0.0686151534318924 0.18446402251720428
5 0.6420011520385742 0.4669785499572754 0.0737299919128418 0.1493627279996872
36 0.31401997804641724 0.4670591354370117 0.07651349902153015 0.18896210193634033
11 0.8055782318115234 0.4661829173564911 0.07158243656158447 0.15131504833698273
8 0.88618403673172 0.46532800793647766 0.0809011459350586 0.14889295399188995
1 0.7241848707199097 0.46758580207824707 0.06944602727890015 0.1483486145734787
33 0.22959619760513306 0.46693506836891174 0.0686151534318924 0.18446402251720428
5 0.6420011520385742 0.4669785499572754 0.0737299919128418 0.1493627279996872
36 0.31401997804641724 0.4670591354370117 0.07651349902153015 0.18896210193634033
11 0.8055782318115234 0.4661829173564911 0.07158243656158447 0.15131504833698273
8 0.88618403673172 0.46532800793647766 0.0809011459350586 0.14889295399188995
1 0.7241848707199097 0.46758580207824707 0.06944602727890015 0.1483486145734787
33 0.22959619760513306 0.46693506836891174 0.0686151534318924 0.18446402251720428
5 0.6420011520385742 0.4669785499572754 0.0737299919128418 0.1493627279996872
36 0.31401997804641724 0.4670591354370117 0.07651349902153015 0.18896210193634033
11 0.8055782318115234 0.4661829173564911 0.07158243656158447 0.15131504833698273
8 0.88618403673172 0.46532800793647766 0.0809011459350586 0.14889295399188995
1 0.7241848707199097 0.46758580207824707 0.06944602727890015 0.1483486145734787
33 0.22959619760513306 0.46693506836891174 0.0686151534318924 0.18446402251720428
5 0.6420011520385742 0.4669785499572754 0.0737299919128418 0.1493627279996872
36 0.31401997804641724 0.4670591354370117 0.07651349902153015 0.18896210193634033
11 0.8055782318115234 0.4661829173564911 0.07158243656158447 0.15131504833698273
8 0.88618403673172 0.46532800793647766 0.0809011459350586 0.14889295399188995
1 0.7241848707199097 0.46758580207824707 0.06944602727890015 0.1483486145734787
33 0.22959619760513306 0.46693506836891174 0.0686151534318924 0.18446402251720428
5 0.6420011520385742 0.4669785499572754 0.0737299919128418 0.1493627279996872
36 0.31401997804641724 0.4670591354370117 0.07651349902153015 0.18896210193634033
11 0.8055782318115234 0.4661829173564911 0.07158243656158447 0.15131504833698273
8 0.88618403673172 0.46532800793647766 0.0809011459350586 0.14889295399188995
1 0.7241848707199097 0.46758580207824707 0.06944602727890015 0.1483486145734787
33 0.22959619760513306 0.46693506836891174 0.0686151534318924 0.18446402251720428
5 0.6420011520385742 0.4669785499572754 0.0737299919128418 0.1493627279996872
36 0.31401997804641724 0.4670591354370117 0.07651349902153015 0.18896210193634033
11 0.8055782318115234 0.4661829173564911 0.07158243656158447 0.15131504833698273
