25 0.275997 0.51121 0.050528 0.093704
1 0.283595 0.671096 0.039766 0.092406
1 0.24461 0.671186 0.036261 0.091235
40 0.219898 0.511256 0.058281 0.097454
14 0.233985 0.35573 0.047633 0.101258
5 0.204308 0.674226 0.04254 0.094133
39 0.125343 0.569894 0.083679 0.098325
35 0.335144 0.395088 0.061952 0.090538
25 0.149369 0.427916 0.072527 0.061987
37 0.288573 0.361554 0.056271 0.098533
22 0.360767 0.514635 0.075646 0.034286
17 0.122987 0.483186 0.074872 0.070465
25 0.180828 0.383521 0.067913 0.091727
33 0.360313 0.462312 0.089963 0.087023
28 0.354139 0.572855 0.074087 0.108191
