2 0.237901 0.626655 0.02204 0.081103
1 0.299616 0.419084 0.031442 0.076139
1 0.264928 0.419444 0.028627 0.074276
49 0.392776 0.641905 0.029457 0.084532
1 0.301053 0.624655 0.034926 0.08689
17 0.273886 0.317614 0.038976 0.075759
34 0.375528 0.315865 0.032592 0.072923
9 0.266302 0.624396 0.030611 0.086631
56 0.352401 0.632939 0.047246 0.07307
11 0.33469 0.418176 0.029809 0.074217
34 0.214659 0.322878 0.019451 0.065833
21 0.236541 0.321132 0.031046 0.068326
33 0.312286 0.318638 0.044138 0.076306
27 0.410848 0.318638 0.037779 0.085283
10 0.367271 0.418385 0.03142 0.080296
