41 0.663593 0.196423 0.035932 0.069934
1 0.673528 0.272894 0.034032 0.065818
28 0.457297 0.176287 0.042219 0.068522
1 0.434156 0.250429 0.037378 0.06883
1 0.357455 0.253727 0.03576 0.065693
13 0.417162 0.177501 0.036076 0.065669
1 0.748023 0.272039 0.03716 0.064673
25 0.697771 0.197866 0.031803 0.069108
13 0.732422 0.197474 0.035055 0.067506
25 0.381567 0.179356 0.033388 0.067875
27 0.619429 0.19617 0.047906 0.070205
27 0.299982 0.179257 0.048801 0.069232
28 0.772695 0.196566 0.042781 0.072546
7 0.39591 0.252375 0.034768 0.066571
41 0.344731 0.178763 0.036346 0.067287
9 0.636655 0.273371 0.035969 0.065781
9 0.710658 0.274144 0.034807 0.064624
9 0.318933 0.252953 0.036612 0.067128
