4 0.654507 0.247058 0.037011 0.077436
25 0.639817 0.166809 0.033362 0.070637
1 0.309204 0.244078 0.040074 0.076085
4 0.347596 0.244231 0.0376 0.076768
13 0.6797 0.165955 0.038411 0.067983
10 0.574745 0.246152 0.038522 0.079292
13 0.373902 0.165154 0.039507 0.069686
10 0.270812 0.243725 0.038385 0.075411
1 0.614679 0.246706 0.040826 0.077258
7 0.696139 0.245553 0.04135 0.078187
28 0.419319 0.163535 0.049377 0.072589
28 0.724868 0.163963 0.046767 0.076614
7 0.389048 0.243539 0.040396 0.075198
25 0.3351 0.166505 0.033418 0.071042
41 0.601946 0.166559 0.038288 0.069223
41 0.296838 0.164039 0.041443 0.071008
27 0.553649 0.167414 0.053658 0.07197
27 0.247946 0.165272 0.054207 0.071348
