28 0.794889 0.214963 0.048365 0.080845
28 0.448175 0.228709 0.049891 0.078137
13 0.751024 0.214133 0.042143 0.076943
1 0.76174 0.298668 0.043325 0.074844
41 0.320616 0.225796 0.039876 0.075769
27 0.272086 0.226598 0.058064 0.079911
41 0.672102 0.216446 0.039534 0.076521
13 0.401145 0.226958 0.0399 0.073009
25 0.359979 0.229251 0.034151 0.07725
10 0.371573 0.308955 0.036706 0.072592
25 0.710603 0.216172 0.035737 0.07705
1 0.413071 0.309109 0.043276 0.07222
10 0.720653 0.298267 0.035869 0.07606
7 0.681337 0.298988 0.037186 0.076326
27 0.622256 0.215136 0.05763 0.078297
7 0.330629 0.307873 0.036946 0.073242
2 0.644338 0.300143 0.030554 0.07769
2 0.292901 0.310195 0.032225 0.071818
