1 0.74755 0.304949 0.042997 0.077629
28 0.772478 0.219344 0.047919 0.083267
1 0.369453 0.28893 0.040026 0.077633
2 0.626813 0.308949 0.030086 0.079672
2 0.292103 0.291386 0.031103 0.079733
4 0.328526 0.290582 0.039343 0.080685
13 0.726614 0.221386 0.040683 0.083667
41 0.312141 0.205521 0.043407 0.080292
1 0.704563 0.306611 0.039806 0.078113
4 0.664515 0.309602 0.040081 0.079198
13 0.391884 0.204499 0.038016 0.07807
28 0.438379 0.202583 0.05356 0.082239
1 0.413655 0.286328 0.044654 0.080271
25 0.685819 0.223442 0.033102 0.08334
27 0.262431 0.207634 0.057469 0.083648
25 0.351253 0.206169 0.035217 0.080731
41 0.646785 0.223166 0.041791 0.084134
28 0.598308 0.225825 0.055178 0.084025
