25 0.367722 0.271377 0.02807 0.058161
25 0.631641 0.274152 0.028806 0.055137
28 0.69901 0.273069 0.038912 0.057741
1 0.611445 0.33863 0.032458 0.063131
13 0.663065 0.273522 0.031557 0.055023
41 0.337296 0.270255 0.034303 0.057453
13 0.398347 0.269389 0.032569 0.056028
1 0.678466 0.339255 0.036151 0.063446
1 0.414163 0.333926 0.035176 0.062607
1 0.345249 0.334295 0.031855 0.05954
12 0.644254 0.339654 0.03106 0.063476
28 0.435193 0.270009 0.042304 0.060197
41 0.600511 0.273198 0.0343 0.054602
9 0.578071 0.338748 0.034961 0.062596
12 0.378761 0.334615 0.031946 0.061559
27 0.296863 0.271612 0.044365 0.058862
27 0.560529 0.275385 0.041735 0.058032
9 0.312075 0.333937 0.033724 0.06015
