1 0.422258 0.307239 0.035505 0.059852
1 0.353581 0.307304 0.032502 0.060704
1 0.640285 0.299969 0.033526 0.062684
13 0.693299 0.239122 0.034366 0.054222
25 0.661647 0.2386 0.031076 0.056582
27 0.586527 0.236811 0.043751 0.058832
13 0.40579 0.24655 0.034176 0.055823
41 0.340229 0.244739 0.032736 0.058705
7 0.606556 0.29984 0.031496 0.062847
28 0.731374 0.239849 0.038936 0.058858
28 0.446554 0.244372 0.040813 0.061054
41 0.627822 0.237007 0.033804 0.054627
25 0.373503 0.245004 0.030617 0.056766
7 0.387566 0.308028 0.029416 0.061035
7 0.673845 0.301806 0.029718 0.064189
1 0.707506 0.300073 0.033677 0.059995
27 0.298203 0.245325 0.046165 0.061485
7 0.319356 0.307179 0.030082 0.061073
