4 0.4118 0.691258 0.033682 0.078628
4 0.397714 0.404273 0.036975 0.081575
4 0.444241 0.6903 0.028351 0.082185
13 0.430504 0.599907 0.03248 0.080853
6 0.373152 0.691381 0.038643 0.078485
41 0.361646 0.599328 0.042307 0.083906
6 0.355721 0.404531 0.039787 0.076316
4 0.436227 0.40497 0.034845 0.08071
25 0.378601 0.313319 0.033794 0.082539
5 0.313568 0.403058 0.037994 0.080711
13 0.418276 0.314569 0.038883 0.078853
25 0.398046 0.600807 0.032953 0.082957
28 0.449658 0.315193 0.031564 0.081156
41 0.339283 0.313124 0.040928 0.081483
5 0.331601 0.692138 0.040071 0.081401
27 0.314152 0.601356 0.048815 0.082136
28 0.456483 0.597944 0.022426 0.078213
27 0.295384 0.314653 0.047086 0.081009
