27 0.235105 0.208498 0.059639 0.083052
41 0.284804 0.208939 0.039759 0.080402
25 0.325226 0.212032 0.04241 0.074217
13 0.368298 0.208498 0.040422 0.068916
28 0.412365 0.210265 0.049036 0.079518
11 0.256973 0.301269 0.041747 0.07245
4 0.300708 0.303036 0.037771 0.075984
1 0.341461 0.300827 0.046386 0.073334
1 0.389172 0.299502 0.043735 0.07245
27 0.55351 0.210706 0.056988 0.078635
41 0.604203 0.212915 0.047048 0.075984
25 0.643299 0.215566 0.037771 0.070683
13 0.684384 0.213357 0.040422 0.082169
28 0.732426 0.214241 0.050362 0.075101
11 0.574715 0.301269 0.04241 0.075984
4 0.615136 0.301269 0.043735 0.075984
1 0.661522 0.302152 0.038434 0.075984
1 0.709564 0.305245 0.049699 0.083936
