1 0.65226 0.316673 0.02691 0.046047
28 0.676795 0.266755 0.030291 0.050691
13 0.647973 0.266837 0.025264 0.047684
28 0.494762 0.242038 0.029802 0.048348
2 0.397134 0.292375 0.021011 0.049303
5 0.6262 0.3163 0.023506 0.046105
13 0.46732 0.244349 0.024569 0.04407
5 0.444637 0.291404 0.022716 0.046315
1 0.469993 0.291451 0.026198 0.046775
27 0.389385 0.243488 0.037967 0.046904
25 0.625548 0.266214 0.0202 0.04596
27 0.571464 0.265685 0.035663 0.049448
25 0.442004 0.243734 0.018977 0.04412
6 0.421122 0.290531 0.021165 0.047349
41 0.601678 0.264973 0.023864 0.046556
2 0.577217 0.31601 0.020107 0.046013
41 0.420233 0.244863 0.022454 0.046733
6 0.600683 0.316423 0.024096 0.045272
