25 0.335938 0.33125 0.04375 0.066667
41 0.372656 0.330208 0.032813 0.05625
23 0.401563 0.327083 0.03125 0.066667
12 0.429688 0.329166 0.03125 0.054166
26 0.460157 0.325 0.035938 0.058333
25 0.545312 0.31875 0.040626 0.058333
41 0.579688 0.317709 0.03125 0.064584
23 0.607813 0.327083 0.03125 0.054166
12 0.637501 0.31875 0.034374 0.058333
26 0.674219 0.317709 0.042187 0.060416
7 0.35625 0.393125 0.034374 0.05625
10 0.387501 0.39 0.03125 0.062501
11 0.419531 0.394166 0.029688 0.058333
7 0.457032 0.397291 0.042187 0.060416
7 0.563282 0.379584 0.032813 0.070834
10 0.592187 0.384792 0.034374 0.064584
11 0.624219 0.388958 0.023437 0.060416
7 0.663282 0.384792 0.039062 0.064584
