25 0.266667 0.160764 0.059375 0.077083
41 0.314323 0.162847 0.042188 0.072917
23 0.35026 0.168056 0.035937 0.066667
12 0.386198 0.172222 0.045312 0.066667
26 0.43776 0.165972 0.048438 0.070833
7 0.299479 0.233681 0.0375 0.072917
5 0.334635 0.240972 0.039063 0.066667
2 0.369792 0.239931 0.028125 0.06875
1 0.402604 0.240972 0.040625 0.075
25 0.593229 0.162847 0.0625 0.077083
41 0.64401 0.164931 0.039063 0.064583
23 0.682292 0.169097 0.034375 0.06875
12 0.720573 0.165972 0.042188 0.075
26 0.766667 0.169097 0.05 0.072917
7 0.622135 0.236806 0.042188 0.079167
5 0.661979 0.244097 0.040625 0.06875
2 0.698698 0.239931 0.029687 0.072917
1 0.730729 0.244097 0.04375 0.072917
