2 0.613675 0.308982 0.02166 0.05866
13 0.661152 0.249038 0.035111 0.054977
7 0.641389 0.308997 0.029357 0.056864
1 0.675703 0.310187 0.033764 0.059919
1 0.388575 0.312141 0.035639 0.057149
27 0.560303 0.24658 0.045384 0.057831
2 0.324349 0.316008 0.02197 0.061024
4 0.583361 0.308103 0.033058 0.061902
13 0.371805 0.2556 0.034123 0.053703
28 0.700843 0.247603 0.040065 0.056989
28 0.412539 0.253887 0.04385 0.059237
41 0.602332 0.247612 0.033145 0.053661
25 0.649622 0.247704 0.061316 0.057062
4 0.292956 0.316919 0.034292 0.063234
7 0.35341 0.313738 0.030036 0.059798
27 0.266181 0.255037 0.043203 0.055409
41 0.307944 0.25394 0.0395 0.061993
25 0.33798 0.249277 0.030448 0.070222
