13 0.656051 0.355964 0.037039 0.066507
13 0.541818 0.357472 0.027671 0.062647
7 0.415455 0.361352 0.032214 0.067265
28 0.284442 0.365202 0.027603 0.059875
4 0.380788 0.36188 0.035591 0.074254
27 0.664666 0.644108 0.073818 0.10663
19 0.574576 0.354006 0.035677 0.067032
25 0.329949 0.364633 0.037336 0.06967
56 0.449349 0.367605 0.031141 0.052846
33 0.613227 0.353875 0.041974 0.071329
22 0.303204 0.365209 0.015442 0.062464
28 0.691075 0.354749 0.030723 0.074699
22 0.711256 0.358765 0.010843 0.06506
