3 0.321875 0.328333 0.040625 0.083333
3 0.35625 0.32625 0.034375 0.091667
6 0.414844 0.327292 0.035937 0.089583
3 0.538281 0.350208 0.032813 0.09375
3 0.565625 0.35125 0.03125 0.091667
6 0.623437 0.358542 0.046875 0.102083
52 0.68125 0.365 0.046875 0.0625
48 0.717187 0.368125 0.03125 0.089583
17 0.596875 0.644167 0.040625 0.079167
27 0.642969 0.643125 0.039063 0.077083
31 0.689063 0.6275 0.040625 0.079167
32 0.561719 0.713958 0.032813 0.08125
23 0.598437 0.717083 0.0375 0.079167
16 0.639844 0.720208 0.032813 0.072917
16 0.678906 0.712917 0.029687 0.091667
28 0.7125 0.699375 0.025 0.077083
