4 0.642867 0.31393 0.040062 0.081531
4 0.356087 0.297579 0.040647 0.083669
35 0.262282 0.207078 0.045488 0.101408
1 0.687287 0.314053 0.041786 0.081899
6 0.311521 0.299245 0.041297 0.084241
1 0.400061 0.295603 0.042285 0.084684
15 0.731579 0.233909 0.041503 0.077049
35 0.552272 0.218481 0.044725 0.098218
42 0.651667 0.231921 0.036138 0.072988
15 0.44174 0.209615 0.040382 0.076048
6 0.598856 0.312378 0.041478 0.081546
42 0.362142 0.212337 0.036039 0.073919
43 0.61361 0.230723 0.037016 0.0724
51 0.584176 0.221788 0.023096 0.092174
43 0.324424 0.213161 0.035919 0.074824
51 0.295619 0.208157 0.020967 0.09389
43 0.400242 0.210667 0.0379 0.07424
43 0.689777 0.232681 0.038014 0.074493
