2 0.698294 0.678438 0.033954 0.129401
9 0.377597 0.663415 0.03754 0.116892
13 0.272551 0.35534 0.05377 0.105296
28 0.739691 0.372943 0.053376 0.106789
27 0.339609 0.351339 0.072645 0.105673
28 0.410763 0.350809 0.056941 0.107915
25 0.617993 0.376219 0.050795 0.108636
11 0.417011 0.663128 0.037341 0.124466
13 0.679122 0.39032 0.063177 0.138171
2 0.300548 0.664237 0.032362 0.124668
5 0.727902 0.67779 0.031831 0.124336
5 0.336869 0.663092 0.040279 0.125287
9 0.757807 0.677058 0.028576 0.12327
17 0.453072 0.351233 0.026195 0.111248
