1 0.6562327146530151 0.7088615298271179 0.06134432554244995 0.12174025923013687
5 0.5790755748748779 0.7086707949638367 0.06152898073196411 0.1324242800474167
4 0.4492321014404297 0.7121374011039734 0.056383728981018066 0.12878362834453583
1 0.732677698135376 0.7100260257720947 0.06040555238723755 0.12349092960357666
3 0.3770650625228882 0.7168898582458496 0.06721821427345276 0.13401007652282715
44 0.5180667042732239 0.2247353047132492 0.16261863708496094 0.28732943534851074
1 0.6562327146530151 0.7088615298271179 0.06134432554244995 0.12174025923013687
5 0.5790755748748779 0.7086707949638367 0.06152898073196411 0.1324242800474167
4 0.4492321014404297 0.7121374011039734 0.056383728981018066 0.12878362834453583
1 0.732677698135376 0.7100260257720947 0.06040555238723755 0.12349092960357666
3 0.3770650625228882 0.7168898582458496 0.06721821427345276 0.13401007652282715
44 0.5180667042732239 0.2247353047132492 0.16261863708496094 0.28732943534851074
