2 0.425204 0.117455 0.09078 0.041175
5 0.749555 0.287203 0.095576 0.058464
39 0.328914 0.331491 0.092901 0.060582
29 0.653091 0.137376 0.092363 0.049179
4 0.749765 0.231484 0.096791 0.05702
5 0.423952 0.270494 0.096138 0.060382
28 0.328929 0.074286 0.090189 0.049684
2 0.750599 0.183082 0.09027 0.034305
35 0.327726 0.222094 0.089118 0.043444
39 0.653002 0.336524 0.092854 0.064226
2 0.751325 0.144698 0.091501 0.042068
29 0.327572 0.123887 0.0892 0.046565
2 0.425073 0.159186 0.093742 0.038193
13 0.328413 0.266198 0.089817 0.061425
34 0.326973 0.173309 0.090699 0.055588
28 0.653173 0.092007 0.091631 0.043315
13 0.652214 0.277332 0.088886 0.059487
4 0.425687 0.208981 0.096029 0.061373
35 0.65146 0.231091 0.09075 0.049552
34 0.649363 0.187161 0.099676 0.052276
