29 0.353623 0.349839 0.081703 0.08322
29 0.370523 0.821436 0.08103 0.08214
17 0.374695 0.555595 0.082517 0.060751
22 0.350289 0.210169 0.07954 0.034937
33 0.353204 0.268602 0.079743 0.083405
17 0.350094 0.082034 0.082072 0.061084
15 0.34994 0.153675 0.080907 0.087168
22 0.371459 0.680264 0.082078 0.034348
22 0.37544 0.869647 0.084892 0.022638
19 0.370893 0.897944 0.077009 0.037191
33 0.372712 0.737458 0.087923 0.081658
15 0.373015 0.623865 0.090955 0.071147
35 0.374228 0.508655 0.087317 0.033148
19 0.352398 0.426593 0.084892 0.037191
22 0.356643 0.396679 0.090955 0.01617
35 0.352398 0.036092 0.087317 0.038808
