5 0.7212947010993958 0.24588054418563843 0.06619701534509659 0.12216930091381073
12 0.26130780577659607 0.2589572072029114 0.07261161506175995 0.12396056205034256
4 0.6417232751846313 0.24892295897006989 0.06470651924610138 0.12157535552978516
1 0.5907328724861145 0.7502016425132751 0.07911987602710724 0.14180196821689606
1 0.49666887521743774 0.7528241276741028 0.07873125374317169 0.14036458730697632
11 0.335233598947525 0.2556537091732025 0.061071157455444336 0.11855621635913849
1 0.5636053085327148 0.24875472486019135 0.06970424950122833 0.12333711236715317
1 0.40989208221435547 0.25531503558158875 0.07454986870288849 0.12091363221406937
28 0.33530354499816895 0.25858253240585327 0.06195468828082085 0.1197439506649971
7 0.3998100161552429 0.7503711581230164 0.08231401443481445 0.14420750737190247
