4 0.4096904695034027 0.23290854692459106 0.06570321321487427 0.14023935794830322
4 0.6230974197387695 0.2322169989347458 0.06870222091674805 0.1435854285955429
1 0.3615366816520691 0.7054268717765808 0.0747479498386383 0.13502781093120575
1 0.5593343377113342 0.7092429995536804 0.07304370403289795 0.13404695689678192
1 0.7575528025627136 0.7095057368278503 0.06908893585205078 0.13140332698822021
6 0.4825616180896759 0.704578161239624 0.0696532130241394 0.1428181678056717
3 0.7058618068695068 0.23474366962909698 0.07357674837112427 0.14748723804950714
6 0.6803441047668457 0.7075373530387878 0.07186222076416016 0.14069366455078125
6 0.28466832637786865 0.7019600868225098 0.07011929154396057 0.135767862200737
2 0.3453976511955261 0.23261840641498566 0.04589223861694336 0.13812726736068726
