17 0.582072 0.370384 0.031399 0.078777
1 0.765187 0.374674 0.034049 0.080128
35 0.246667 0.694444 0.040987 0.081173
13 0.175308 0.363138 0.047898 0.078053
15 0.126821 0.361912 0.049279 0.082694
17 0.495265 0.372027 0.038335 0.079568
28 0.538494 0.371522 0.049549 0.079758
35 0.462849 0.697931 0.044739 0.085655
16 0.259399 0.360954 0.041012 0.07672
56 0.809684 0.385367 0.051241 0.057276
33 0.219379 0.362538 0.041302 0.077289
15 0.750226 0.714695 0.025207 0.056422
49 0.853186 0.394157 0.037279 0.080976
5 0.733497 0.374499 0.027621 0.079296
34 0.775177 0.71566 0.025137 0.060203
13 0.387697 0.366539 0.020783 0.073547
16 0.450467 0.369939 0.046703 0.079848
33 0.194284 0.698804 0.050583 0.089247
47 0.536597 0.71054 0.032081 0.058238
33 0.412071 0.368408 0.030569 0.077034
33 0.704068 0.372907 0.022521 0.079746
61 0.564164 0.708781 0.024042 0.058104
50 0.275764 0.698462 0.02118 0.0658
24 0.139418 0.697994 0.047079 0.087748
58 0.855983 0.717128 0.032961 0.05611
47 0.295465 0.701667 0.017885 0.05963
15 0.891555 0.716563 0.038462 0.061358
20 0.292064 0.360126 0.02287 0.072988
50 0.502142 0.699828 0.034395 0.077149
33 0.417006 0.698105 0.039879 0.086803
30 0.606694 0.714785 0.02187 0.067961
43 0.58542 0.709033 0.021235 0.058146
47 0.098198 0.698063 0.034927 0.085377
37 0.703599 0.70863 0.02082 0.050088
22 0.827159 0.708027 0.019914 0.089917
63 0.719892 0.704406 0.017199 0.062157
51 0.732339 0.703199 0.008599 0.071813
