4 0.847505 0.482234 0.051557 0.095948
13 0.464109 0.467152 0.028887 0.057937
13 0.376952 0.467427 0.02938 0.058119
35 0.352182 0.565018 0.046839 0.095422
19 0.434747 0.466128 0.025536 0.058307
13 0.404751 0.566295 0.052301 0.093006
33 0.46139 0.56562 0.049379 0.093934
37 0.335243 0.465257 0.04436 0.06359
10 0.780267 0.406417 0.0802 0.194544
33 0.494866 0.466134 0.027664 0.057008
2 0.845996 0.330261 0.031679 0.099416
1 0.515793 0.565419 0.049161 0.093253
33 0.407495 0.46688 0.028236 0.059993
58 0.539781 0.467414 0.031054 0.060633
22 0.516245 0.466063 0.01388 0.057182
