1 0.449202 0.765269 0.067419 0.124238
4 0.298343 0.767809 0.069246 0.131466
4 0.624188 0.768152 0.067376 0.130692
13 0.256297 0.235385 0.062711 0.103539
27 0.452662 0.237982 0.071573 0.106402
35 0.6523 0.245486 0.050848 0.107524
37 0.321564 0.231933 0.056936 0.102614
2 0.566162 0.765755 0.037553 0.136344
17 0.521878 0.241766 0.055845 0.108965
7 0.701697 0.764024 0.068772 0.134263
7 0.374363 0.764951 0.06444 0.12797
28 0.586288 0.243685 0.060794 0.106538
22 0.695865 0.246739 0.026789 0.105153
15 0.383236 0.235739 0.053168 0.101847
28 0.744759 0.247787 0.060941 0.101781
