4 0.63629 0.131869 0.079342 0.055443
10 0.638594 0.226314 0.080926 0.056651
27 0.344216 0.399906 0.067402 0.058227
16 0.343312 0.136266 0.065673 0.05607
11 0.63548 0.085739 0.077417 0.047343
49 0.443958 0.255136 0.064946 0.051785
15 0.346703 0.302864 0.062404 0.058296
10 0.633145 0.050608 0.080653 0.035577
13 0.345531 0.352837 0.073977 0.046907
33 0.346744 0.245508 0.07519 0.053267
29 0.345228 0.192241 0.08186 0.054857
13 0.346679 0.083883 0.073165 0.045994
28 0.340916 0.04873 0.065648 0.030881
7 0.431119 0.408467 0.070659 0.023654
1 0.436632 0.378899 0.073666 0.030224
56 0.438386 0.311551 0.057129 0.063734
7 0.638838 0.412081 0.077174 0.028253
4 0.638587 0.381199 0.07968 0.038766
6 0.639339 0.336848 0.088199 0.047308
4 0.638587 0.285269 0.083689 0.053221
