17 0.724026 0.300324 0.038208 0.081362
56 0.56041 0.413933 0.043652 0.059495
5 0.424938 0.409569 0.041018 0.081632
28 0.303257 0.312681 0.050658 0.082478
17 0.259681 0.312383 0.035132 0.079169
49 0.604917 0.421429 0.039184 0.077641
35 0.664066 0.301448 0.050257 0.083454
29 0.56753 0.303278 0.039806 0.078816
29 0.403389 0.310477 0.048839 0.080241
33 0.61324 0.303069 0.049379 0.08024
35 0.353402 0.3125 0.049508 0.082616
15 0.446601 0.30835 0.034075 0.076178
2 0.461022 0.414575 0.016588 0.067999
15 0.758141 0.299626 0.029551 0.076442
