15 0.717471 0.233749 0.081261 0.141452
14 0.226789 0.225861 0.079092 0.147245
49 0.807953 0.72761 0.105686 0.183537
35 0.409406 0.229838 0.068693 0.139612
17 0.808925 0.233679 0.084407 0.15313
13 0.63435 0.235221 0.067799 0.146431
1 0.421713 0.704838 0.082088 0.187051
4 0.320992 0.707906 0.08128 0.195784
13 0.471669 0.234008 0.069094 0.140446
17 0.320469 0.229709 0.081668 0.149595
30 0.559251 0.226789 0.077675 0.137313
2 0.246626 0.705044 0.045176 0.204592
56 0.657715 0.709635 0.148438 0.161458
