1 0.717742 0.342023 0.052734 0.08551
1 0.365511 0.302261 0.056036 0.097564
30 0.760445 0.231753 0.060981 0.101347
30 0.409631 0.184813 0.061375 0.101947
10 0.605677 0.338592 0.048867 0.084475
1 0.424441 0.301625 0.057966 0.096769
1 0.776062 0.340619 0.055119 0.086778
9 0.658971 0.342643 0.054181 0.083233
10 0.254408 0.29949 0.049967 0.098993
28 0.694948 0.232996 0.066744 0.103688
28 0.343394 0.186854 0.067541 0.103032
9 0.30693 0.30123 0.053207 0.094315
14 0.27002 0.183739 0.058594 0.103713
14 0.625 0.231754 0.06543 0.107554
