4 0.751355 0.171387 0.041361 0.076996
4 0.686408 0.172107 0.040829 0.078696
1 0.018612 0.368279 0.023682 0.033088
7 0.495098 0.17233 0.036356 0.077467
15 0.315611 0.170243 0.045482 0.079311
7 0.369672 0.170348 0.039355 0.079392
28 0.211959 0.169737 0.048745 0.078591
1 0.643936 0.170772 0.038165 0.076998
11 0.794209 0.170179 0.038996 0.078137
17 0.019875 0.327971 0.025927 0.037392
16 0.264428 0.16987 0.045805 0.077908
1 0.411483 0.1714 0.038256 0.075559
11 0.537952 0.172439 0.042169 0.077797
1 0.067125 0.371337 0.020429 0.032825
28 0.451174 0.169882 0.038896 0.076321
1 0.042283 0.371082 0.019711 0.029521
1 0.072303 0.422216 0.01814 0.036385
30 0.070474 0.331978 0.020408 0.036461
29 0.301505 0.325632 0.025999 0.038338
1 0.266936 0.368148 0.017282 0.028648
7 0.048271 0.330295 0.022233 0.033927
20 0.601929 0.171284 0.038705 0.076984
1 0.087163 0.370013 0.018586 0.031157
