27 0.298814 0.272663 0.045723 0.062731
41 0.337579 0.268687 0.034458 0.061848
25 0.369055 0.272221 0.029819 0.054779
13 0.399868 0.269571 0.03247 0.058313
28 0.435651 0.269129 0.043072 0.066265
9 0.311735 0.332743 0.03247 0.059197
1 0.345531 0.332743 0.033795 0.059197
12 0.377669 0.336719 0.033133 0.063615
12 0.413121 0.328768 0.033795 0.061848
27 0.559567 0.273105 0.045723 0.065382
41 0.601315 0.272663 0.033795 0.060964
25 0.632791 0.276197 0.026506 0.05743
13 0.662279 0.272663 0.031145 0.055663
28 0.699718 0.272221 0.039759 0.06008
9 0.578122 0.337161 0.033795 0.060964
1 0.609598 0.334952 0.033133 0.067149
12 0.643724 0.340695 0.03247 0.066265
1 0.676765 0.337591 0.037109 0.068916
