1 0.491955 0.225485 0.019123 0.036457
1 0.709473 0.227547 0.019857 0.034826
4 0.472041 0.226561 0.019194 0.038178
1 0.688698 0.227944 0.019419 0.03399
4 0.730585 0.22802 0.021739 0.038092
1 0.513085 0.225358 0.01972 0.03677
13 0.720099 0.189031 0.021618 0.036588
27 0.655195 0.188669 0.027555 0.038917
13 0.523725 0.185623 0.022758 0.038066
4 0.667855 0.22915 0.020266 0.034315
28 0.744628 0.187874 0.023008 0.038349
41 0.681955 0.188506 0.01631 0.038553
27 0.460365 0.18799 0.026558 0.038402
41 0.484305 0.187242 0.019077 0.033914
25 0.504316 0.188239 0.019451 0.036906
28 0.548267 0.184998 0.025061 0.036408
4 0.535362 0.224896 0.024687 0.03541
25 0.702303 0.189622 0.0175 0.037917
