1 0.659757 0.232486 0.02723 0.052937
1 0.441579 0.253964 0.029782 0.055038
41 0.617278 0.175104 0.031213 0.052661
13 0.456689 0.195815 0.025082 0.051542
28 0.705298 0.174989 0.033066 0.0556
4 0.628569 0.234402 0.028551 0.052956
4 0.409299 0.255485 0.028192 0.054167
28 0.488397 0.195021 0.032891 0.053646
7 0.472623 0.254307 0.02655 0.053667
7 0.599963 0.233183 0.025511 0.054397
7 0.379964 0.255344 0.028287 0.054422
7 0.690009 0.2318 0.027799 0.054135
13 0.673952 0.176058 0.026758 0.053777
27 0.364177 0.195985 0.036515 0.057536
25 0.428455 0.196399 0.027031 0.053696
41 0.58261 0.174954 0.026008 0.052444
41 0.400417 0.195472 0.029528 0.05487
25 0.647862 0.176503 0.027156 0.051295
