4 0.6254 0.240116 0.024212 0.045651
1 0.677299 0.238491 0.023743 0.046564
4 0.491478 0.25947 0.02631 0.047011
1 0.465269 0.258934 0.025051 0.045728
4 0.412011 0.25968 0.025368 0.046722
4 0.703268 0.238475 0.026095 0.048348
13 0.690887 0.18761 0.02326 0.044379
13 0.47911 0.207528 0.024366 0.046247
41 0.642146 0.189314 0.028536 0.046503
25 0.453106 0.208808 0.020233 0.044499
41 0.429432 0.208921 0.030398 0.046472
28 0.507052 0.207387 0.03217 0.050226
28 0.720333 0.188096 0.030761 0.046431
4 0.437761 0.260321 0.02329 0.045435
25 0.667611 0.189458 0.021411 0.044628
4 0.65059 0.241111 0.023481 0.045742
27 0.400635 0.208202 0.034817 0.050822
27 0.613766 0.187125 0.03494 0.050603
