4 0.605262 0.356306 0.028196 0.055184
27 0.301354 0.294945 0.041979 0.057845
1 0.407938 0.352999 0.032205 0.053217
4 0.347208 0.355237 0.028564 0.05662
28 0.689925 0.297687 0.036414 0.058043
1 0.66539 0.355415 0.030672 0.054533
28 0.435281 0.295615 0.037902 0.056888
13 0.655152 0.297918 0.029508 0.052344
13 0.399003 0.295671 0.029828 0.052841
7 0.634308 0.355684 0.027122 0.055753
27 0.561119 0.296107 0.040597 0.056192
7 0.377285 0.355156 0.026255 0.054901
25 0.62652 0.297832 0.025617 0.055062
6 0.574938 0.355223 0.030159 0.053624
41 0.598046 0.296673 0.030237 0.053434
41 0.339171 0.294632 0.030048 0.055692
6 0.317375 0.353651 0.027524 0.051143
25 0.369749 0.295854 0.028547 0.055082
