13 0.425744 0.276293 0.02677 0.048531
27 0.339987 0.277353 0.042318 0.05538
4 0.585521 0.336491 0.027185 0.053627
4 0.383087 0.337282 0.025843 0.054292
28 0.456965 0.276831 0.033883 0.050724
13 0.654243 0.278168 0.025542 0.051193
4 0.612355 0.336917 0.02473 0.050963
25 0.399122 0.278477 0.023259 0.050635
25 0.629155 0.280142 0.02237 0.05045
4 0.355088 0.337097 0.027974 0.057132
9 0.639535 0.33769 0.026655 0.053085
41 0.603436 0.277486 0.02902 0.052584
41 0.373321 0.277275 0.02587 0.051013
11 0.439731 0.337068 0.027705 0.052685
27 0.571794 0.277249 0.038811 0.053441
28 0.682552 0.277351 0.030389 0.052648
11 0.668171 0.336725 0.02834 0.052796
9 0.410216 0.336297 0.025721 0.053302
