28 0.673762 0.265214 0.039176 0.0593
27 0.542198 0.264493 0.041187 0.057233
1 0.37998 0.313316 0.031495 0.060134
1 0.649163 0.328327 0.035049 0.059749
1 0.613903 0.329599 0.032928 0.059973
13 0.636874 0.265578 0.03057 0.056204
13 0.402787 0.250624 0.02973 0.053572
28 0.438458 0.249982 0.03836 0.057026
25 0.606925 0.266998 0.02652 0.057219
1 0.414047 0.31365 0.034963 0.05991
41 0.578426 0.26522 0.031775 0.057016
25 0.373303 0.251654 0.028402 0.056686
41 0.343658 0.250512 0.03288 0.056134
27 0.305678 0.250137 0.043061 0.056146
2 0.556624 0.327614 0.022997 0.058775
10 0.583235 0.327662 0.028865 0.060089
2 0.320946 0.312925 0.023807 0.060667
10 0.347867 0.312736 0.02972 0.062959
