56 0.381024 0.396212 0.043186 0.05602
28 0.646751 0.33058 0.038773 0.068957
10 0.375991 0.593145 0.035288 0.089072
27 0.31313 0.298689 0.051237 0.074058
28 0.564625 0.32657 0.026184 0.070463
4 0.4299 0.595526 0.026659 0.08138
13 0.358173 0.297092 0.035692 0.069843
7 0.335722 0.390029 0.030952 0.073202
22 0.617651 0.330174 0.01837 0.066596
29 0.44447 0.300047 0.019165 0.066516
4 0.279473 0.596391 0.023738 0.084187
13 0.536923 0.322272 0.024822 0.068783
49 0.419174 0.404702 0.029289 0.069238
4 0.339956 0.595144 0.037129 0.087034
6 0.305659 0.595577 0.031335 0.084542
9 0.633365 0.623412 0.03954 0.087071
7 0.306415 0.391228 0.028784 0.073649
4 0.56676 0.614516 0.029632 0.086677
11 0.454826 0.595383 0.021782 0.080228
33 0.421071 0.299298 0.027146 0.067402
7 0.259157 0.597625 0.019778 0.08997
15 0.393233 0.296294 0.031073 0.070068
11 0.59748 0.620919 0.029071 0.081735
16 0.467855 0.306766 0.024856 0.075905
35 0.59414 0.328682 0.03528 0.072697
