1 0.55134 0.717066 0.060987 0.081099
1 0.551261 0.630232 0.061338 0.083706
1 0.686232 0.802046 0.06034 0.082311
1 0.552473 0.802888 0.063236 0.083052
1 0.485436 0.630145 0.062777 0.082297
1 0.485086 0.717183 0.062806 0.082739
1 0.618949 0.629608 0.061497 0.085817
1 0.620055 0.715858 0.06043 0.08207
4 0.745073 0.053876 0.042245 0.07816
10 0.637286 0.053291 0.040768 0.077967
1 0.283846 0.807314 0.061824 0.086459
1 0.349711 0.80596 0.061263 0.085365
1 0.35035 0.632827 0.061712 0.083257
1 0.284463 0.718981 0.062617 0.081685
1 0.686554 0.71532 0.06285 0.083822
1 0.685356 0.62764 0.061479 0.082398
1 0.417931 0.631297 0.062784 0.083051
1 0.418589 0.805809 0.062595 0.08227
1 0.485135 0.802088 0.062258 0.080664
4 0.404428 0.053455 0.037662 0.077457
1 0.620508 0.801991 0.060571 0.083017
4 0.594809 0.053277 0.0421 0.076951
1 0.284365 0.632733 0.063 0.0825
1 0.418082 0.717724 0.061129 0.0812
1 0.35093 0.718561 0.060366 0.080141
7 0.362249 0.053445 0.043451 0.076802
15 0.308544 0.051833 0.045228 0.079526
7 0.446544 0.053422 0.039445 0.077969
28 0.204975 0.051921 0.051189 0.078471
2 0.785145 0.054056 0.030386 0.078823
4 0.710374 0.140092 0.019698 0.039555
1 0.639407 0.186619 0.01498 0.029086
4 0.714896 0.14193 0.02002 0.035931
1 0.285322 0.786461 0.061682 0.046456
1 0.479022 0.848716 0.093295 0.023433
1 0.240942 0.970185 0.06486 0.042491
7 0.711731 0.065006 0.025503 0.025968
1 0.697278 0.484318 0.016868 0.03699
7 0.679734 0.053103 0.040561 0.077819
15 0.257527 0.052046 0.046881 0.07569
4 0.683566 0.129399 0.022943 0.035683
1 0.61948 0.185575 0.019914 0.029876
4 0.689267 0.133385 0.019092 0.034784
6 0.48871 0.053221 0.040329 0.076643
2 0.730833 0.717724 0.020592 0.0642
1 0.635736 0.186133 0.016924 0.029112
