1 0.813183 0.715188 0.08279 0.118906
1 0.483232 0.718928 0.082434 0.1203
1 0.813603 0.861767 0.084252 0.120755
1 0.26307 0.720174 0.081132 0.119627
1 0.373327 0.719803 0.081114 0.117704
1 0.373273 0.865825 0.082993 0.116259
1 0.15503 0.721241 0.079086 0.121536
1 0.483893 0.864718 0.07988 0.117713
1 0.59343 0.716592 0.082971 0.116965
4 0.74465 0.053361 0.040628 0.078215
7 0.679 0.054378 0.038136 0.079567
4 0.404603 0.053213 0.036621 0.078047
1 0.70108 0.569416 0.08207 0.115017
1 0.334897 0.172882 0.028371 0.050665
1 0.371079 0.43024 0.079811 0.116376
1 0.592459 0.572293 0.082009 0.120306
1 0.480895 0.571454 0.078524 0.116777
1 0.262481 0.574 0.083941 0.120009
1 0.371264 0.572063 0.081973 0.116709
1 0.701412 0.716698 0.08174 0.118804
1 0.702627 0.862756 0.082778 0.121498
1 0.593495 0.8636 0.083004 0.119083
7 0.36226 0.053297 0.041769 0.079109
1 0.263981 0.867097 0.082073 0.118494
1 0.81338 0.568962 0.082401 0.117361
1 0.589824 0.425448 0.082563 0.114263
1 0.722318 0.170544 0.016214 0.035739
1 0.153779 0.575514 0.082096 0.119868
4 0.59447 0.053972 0.041139 0.080243
1 0.303107 0.173089 0.033987 0.05321
1 0.155862 0.866961 0.085242 0.119591
1 0.261442 0.429461 0.082749 0.117534
1 0.810637 0.424468 0.08414 0.115702
1 0.481196 0.428446 0.080611 0.115671
1 0.700637 0.425572 0.084934 0.112125
1 0.592752 0.17228 0.012888 0.032433
1 0.151486 0.430567 0.081524 0.111044
1 0.706206 0.171217 0.014958 0.032974
1 0.559213 0.171648 0.018563 0.032177
1 0.669333 0.171208 0.014172 0.032418
7 0.446093 0.052943 0.039032 0.07802
1 0.581925 0.172234 0.017926 0.032655
1 0.68517 0.171411 0.01795 0.034033
1 0.621022 0.170905 0.014094 0.029337
1 0.634471 0.170623 0.016009 0.031853
1 0.605724 0.172524 0.016623 0.030778
28 0.204513 0.05184 0.053031 0.081012
30 0.078754 0.598584 0.024795 0.028529
7 0.309275 0.051043 0.044801 0.079515
7 0.711805 0.064072 0.025533 0.021731
17 0.88447 0.503734 0.025468 0.073466
1 0.541427 0.172381 0.017694 0.034054
15 0.163261 0.284262 0.022063 0.032479
29 0.257866 0.051558 0.049929 0.07676
1 0.543246 0.959276 0.016071 0.02884
34 0.636968 0.054465 0.03761 0.078
29 0.483481 0.351207 0.057107 0.034774
4 0.096512 0.321898 0.016978 0.020866
1 0.531436 0.171973 0.031865 0.036296
6 0.264001 0.180732 0.020184 0.037413
11 0.787595 0.053558 0.040652 0.077427
1 0.150772 0.83371 0.090198 0.061684
30 0.141834 0.285454 0.018867 0.032187
