13 0.418479 0.304381 0.053268 0.105421
30 0.62267 0.304039 0.043674 0.106261
13 0.621202 0.673857 0.059131 0.110388
15 0.510267 0.676732 0.05555 0.107512
17 0.581408 0.303757 0.052569 0.108453
30 0.41034 0.673939 0.049837 0.103849
13 0.358607 0.68098 0.054813 0.093256
34 0.562107 0.674491 0.047037 0.102473
38 0.362981 0.302503 0.057941 0.10241
15 0.525534 0.303023 0.058339 0.107227
13 0.672953 0.308358 0.058548 0.09963
17 0.457296 0.674326 0.045922 0.105018
34 0.470187 0.301752 0.04854 0.107781
38 0.678889 0.671133 0.063062 0.109955
