34 0.271875 0.208333 0.05625 0.104167
50 0.325 0.209375 0.040625 0.09375
51 0.359375 0.209375 0.025 0.089583
61 0.388281 0.215625 0.029687 0.08125
47 0.428906 0.216667 0.042188 0.070833
15 0.575058 0.215093 0.032361 0.071692
13 0.60244 0.216089 0.023399 0.065718
33 0.62808 0.217417 0.024893 0.067045
14 0.654467 0.215757 0.023897 0.063726
13 0.680853 0.216089 0.022902 0.061735
35 0.698527 0.213434 0.019417 0.060407
33 0.722922 0.214761 0.025391 0.060407
29 0.750056 0.215425 0.026884 0.061735
25 0.776442 0.214429 0.021906 0.062399
5 0.616878 0.280811 0.022404 0.059743
1 0.643265 0.280811 0.021408 0.062399
1 0.669402 0.282138 0.024893 0.057088
56 0.70724 0.285458 0.033855 0.051778
49 0.73736 0.293091 0.026387 0.063062
