56 0.336336 0.529094 0.040364 0.050905
13 0.282184 0.258904 0.026921 0.071227
25 0.619946 0.258818 0.026022 0.070504
16 0.310062 0.25861 0.027271 0.070301
49 0.370895 0.53699 0.027581 0.066147
13 0.567245 0.260095 0.029097 0.070611
33 0.537827 0.259378 0.027211 0.069399
17 0.513666 0.258726 0.021544 0.068507
16 0.34078 0.259135 0.030394 0.070213
4 0.277183 0.52146 0.021135 0.062616
1 0.299252 0.52261 0.023714 0.060408
49 0.514466 0.535279 0.024187 0.064097
17 0.371569 0.258783 0.028495 0.070356
33 0.396354 0.258143 0.021853 0.066566
33 0.389023 0.338624 0.028154 0.068049
40 0.358345 0.338549 0.028951 0.068319
16 0.493142 0.257733 0.019322 0.065967
13 0.417039 0.257551 0.018683 0.065214
40 0.502771 0.33882 0.020231 0.065418
33 0.529117 0.338759 0.026915 0.065892
25 0.596776 0.260313 0.025739 0.068638
56 0.494366 0.525374 0.016977 0.046733
