13 0.582201 0.545696 0.027403 0.069181
33 0.61157 0.541369 0.02856 0.067199
34 0.552811 0.323032 0.06474 0.124468
1 0.65481 0.619922 0.029678 0.072594
14 0.64316 0.541469 0.028579 0.06258
51 0.661521 0.309358 0.027418 0.097953
1 0.623466 0.614955 0.027132 0.068902
2 0.596988 0.615327 0.024357 0.070067
56 0.696063 0.644364 0.036279 0.06322
61 0.698223 0.328584 0.040103 0.090109
50 0.614547 0.31135 0.058211 0.115129
47 0.735821 0.362447 0.036867 0.098313
15 0.552605 0.557522 0.029157 0.076868
13 0.671882 0.552221 0.025181 0.075101
35 0.6964 0.559289 0.02253 0.078635
33 0.716611 0.57961 0.017892 0.076868
49 0.721912 0.679008 0.020542 0.068916
