2 0.683008 0.256427 0.097776 0.047628
1 0.409966 0.283058 0.090495 0.07145
17 0.316688 0.359502 0.091495 0.052916
33 0.314878 0.226677 0.091014 0.072756
7 0.68311 0.198277 0.097666 0.066291
13 0.317331 0.151575 0.090862 0.070874
49 0.433613 0.10061 0.093558 0.056122
42 0.317261 0.087979 0.093565 0.052213
30 0.315177 0.296714 0.089952 0.061056
10 0.683425 0.130542 0.094349 0.066401
29 0.322602 0.041619 0.090632 0.0493
33 0.683653 0.331437 0.093826 0.069192
56 0.419017 0.18161 0.073127 0.102229
2 0.41114 0.341818 0.088171 0.040979
27 0.318535 0.415457 0.087378 0.04635
