25 0.304156 0.385543 0.092328 0.048865
63 0.663546 0.185148 0.079588 0.057927
20 0.656008 0.344722 0.09703 0.093734
4 0.760747 0.244128 0.095504 0.079267
56 0.409465 0.171146 0.070419 0.099674
48 0.296673 0.259827 0.094655 0.04968
5 0.759192 0.326348 0.093723 0.075251
4 0.76153 0.160521 0.096375 0.082446
9 0.402983 0.347499 0.084824 0.067563
44 0.300928 0.160688 0.092009 0.068821
47 0.668787 0.120155 0.067171 0.067775
10 0.400386 0.278386 0.088031 0.069033
49 0.420906 0.087464 0.08965 0.061398
29 0.311388 0.321515 0.071175 0.066229
43 0.316584 0.059676 0.066076 0.043279
61 0.314393 0.102873 0.066312 0.039594
43 0.666551 0.255659 0.07329 0.073927
51 0.298369 0.219224 0.091347 0.033333
