29 0.302513 0.30336 0.026904 0.068035
15 0.405403 0.307105 0.034717 0.072602
28 0.683998 0.300542 0.043376 0.074086
50 0.173216 0.525124 0.016362 0.047538
29 0.444771 0.306563 0.041739 0.07278
27 0.19161 0.300675 0.04022 0.072036
29 0.650757 0.530417 0.022014 0.042921
43 0.405227 0.5318 0.017996 0.043153
30 0.619049 0.531188 0.018866 0.048001
43 0.19322 0.528694 0.019814 0.040537
41 0.234177 0.300364 0.038033 0.074591
35 0.626499 0.303191 0.035128 0.071215
37 0.516835 0.30568 0.025368 0.066135
15 0.271717 0.30283 0.033084 0.069606
15 0.425839 0.531696 0.01881 0.038806
43 0.452123 0.530981 0.025183 0.044274
43 0.265162 0.528364 0.019652 0.038945
15 0.283978 0.527636 0.019833 0.040004
14 0.485357 0.307386 0.034402 0.070035
28 0.917741 0.530243 0.02426 0.05071
58 0.698441 0.530737 0.021026 0.039859
61 0.210797 0.528154 0.017342 0.038992
57 0.23698 0.527701 0.032984 0.038085
43 0.304819 0.526794 0.010201 0.036272
51 0.295808 0.521353 0.008501 0.051687
51 0.439137 0.528608 0.011562 0.056221
60 0.520918 0.535409 0.012582 0.048967
37 0.505956 0.526794 0.020063 0.055314
56 0.38592 0.533142 0.018703 0.038992
41 0.379119 0.308938 0.025503 0.07481
22 0.653026 0.301911 0.017002 0.070729
37 0.594538 0.304178 0.025843 0.07345
37 0.599848 0.525607 0.020313 0.05125
50 0.672348 0.525607 0.024688 0.050417
52 0.633286 0.528107 0.016563 0.05875
