17 0.259658 0.363311 0.032859 0.067178
48 0.284029 0.363676 0.014786 0.072289
48 0.301827 0.362216 0.01862 0.066448
47 0.326197 0.370978 0.032859 0.051844
65 0.35577 0.372439 0.029573 0.054765
59 0.380962 0.371344 0.025192 0.051114
61 0.399856 0.372439 0.013691 0.051844
10 0.346187 0.549511 0.039978 0.078861
7 0.382605 0.552797 0.029573 0.07521
7 0.507195 0.553162 0.037788 0.080322
10 0.478991 0.552432 0.01862 0.071559
47 0.47105 0.371344 0.014786 0.046733
65 0.485563 0.372074 0.01862 0.049653
59 0.506921 0.372074 0.027382 0.049653
61 0.531291 0.369153 0.022454 0.048193
40 0.567436 0.361121 0.037788 0.067178
33 0.605771 0.360391 0.036692 0.070099
