1 0.720855 0.240741 0.024512 0.054959
17 0.190853 0.231107 0.029561 0.057439
1 0.696842 0.240817 0.022032 0.055127
35 0.587846 0.239713 0.026279 0.055404
29 0.243248 0.229506 0.032528 0.055329
17 0.558967 0.239153 0.031699 0.058745
1 0.347359 0.23025 0.025581 0.055105
1 0.323788 0.230743 0.020906 0.054002
35 0.21548 0.230095 0.024575 0.055193
29 0.615552 0.240032 0.033377 0.056726
4 0.67263 0.24113 0.027238 0.057242
27 0.7562 0.240642 0.036091 0.059678
4 0.300062 0.230779 0.025644 0.054419
20 0.420686 0.230688 0.033742 0.057258
27 0.384361 0.230569 0.03669 0.058327
20 0.791322 0.240807 0.032275 0.058275
