35 0.19094 0.560346 0.059357 0.134266
29 0.415051 0.55243 0.066216 0.123632
13 0.263655 0.558012 0.072208 0.121167
13 0.344983 0.419018 0.035169 0.073622
5 0.808925 0.504018 0.119238 0.2666
13 0.223517 0.422778 0.040491 0.073608
33 0.341754 0.554499 0.066632 0.124361
33 0.266955 0.418825 0.036673 0.073333
58 0.448748 0.417038 0.039203 0.078398
22 0.417033 0.418249 0.021213 0.075759
37 0.167515 0.420962 0.061645 0.081871
30 0.386815 0.417874 0.036921 0.077402
19 0.30645 0.416846 0.03777 0.073486
