13 0.718847 0.233096 0.023596 0.050481
1 0.734341 0.280306 0.026098 0.044385
1 0.524872 0.276511 0.026673 0.041422
13 0.504282 0.231385 0.024507 0.048971
9 0.651123 0.279889 0.026387 0.038584
28 0.746655 0.233401 0.027919 0.058161
2 0.678175 0.278517 0.022229 0.042637
27 0.430082 0.229033 0.036446 0.053896
41 0.458506 0.22912 0.021321 0.050871
25 0.480014 0.229868 0.020947 0.050372
28 0.534064 0.230616 0.034787 0.049873
9 0.441113 0.276001 0.028428 0.043889
2 0.468231 0.275751 0.024313 0.048377
7 0.496285 0.276001 0.027306 0.044886
27 0.644816 0.231303 0.033125 0.050833
41 0.673098 0.229428 0.024063 0.050417
25 0.696223 0.232345 0.018438 0.047917
7 0.707316 0.280261 0.03 0.047917
