41 0.10309 0.447957 0.036685 0.121561
37 0.154116 0.458014 0.050692 0.106694
34 0.210811 0.459326 0.044022 0.109317
34 0.257835 0.461075 0.050692 0.114564
22 0.301857 0.463262 0.025346 0.108443
20 0.345546 0.465011 0.047357 0.120686
29 0.39924 0.473319 0.050692 0.12331
28 0.456269 0.473319 0.047357 0.116313
46 0.724093 0.300544 0.104233 0.144051
30 0.831378 0.354102 0.100947 0.172369
1 0.668051 0.56942 0.093357 0.149961
11 0.765074 0.568459 0.064519 0.146756
4 0.855498 0.573585 0.08407 0.150601
