2 0.673876 0.688068 0.03097 0.125252
11 0.711351 0.68649 0.041111 0.12638
38 0.382966 0.680289 0.046837 0.122067
43 0.364265 0.335952 0.036006 0.091207
30 0.422359 0.679964 0.029477 0.119989
56 0.408724 0.337059 0.044001 0.093549
56 0.561549 0.338922 0.0342 0.090884
33 0.276578 0.322272 0.038375 0.123518
58 0.656477 0.340124 0.041911 0.098439
1 0.757993 0.324903 0.027652 0.120919
51 0.306504 0.324032 0.020175 0.118769
48 0.330662 0.322011 0.028806 0.121732
5 0.722796 0.327465 0.041016 0.122732
1 0.640174 0.688064 0.038507 0.128925
60 0.444513 0.348519 0.020482 0.124498
51 0.459874 0.328439 0.013855 0.113253
38 0.550838 0.689484 0.023494 0.120482
30 0.574031 0.690287 0.020482 0.122089
30 0.597085 0.355393 0.034398 0.12009
51 0.624694 0.327332 0.019009 0.127935
1 0.780389 0.321297 0.016294 0.119487
