56 0.720482 0.233615 0.037756 0.050197
1 0.681928 0.225971 0.027907 0.060317
49 0.754568 0.241183 0.028682 0.059226
10 0.517966 0.237097 0.030089 0.064936
13 0.441051 0.175313 0.03804 0.064264
9 0.462321 0.24007 0.028693 0.061441
2 0.631581 0.224507 0.019795 0.057553
12 0.491174 0.238999 0.027595 0.062612
58 0.474209 0.171616 0.024903 0.046853
1 0.654845 0.225023 0.024747 0.059753
46 0.497238 0.165323 0.027544 0.052594
61 0.519511 0.170537 0.017682 0.042166
40 0.538213 0.169404 0.025843 0.038992
