7 0.674962 0.739438 0.062961 0.10938
7 0.383196 0.736583 0.064508 0.114307
4 0.596837 0.739037 0.064143 0.113009
35 0.692037 0.259953 0.050959 0.091763
29 0.518852 0.262059 0.051007 0.083508
17 0.635525 0.260637 0.045346 0.090611
33 0.399729 0.261209 0.054036 0.087033
17 0.343804 0.261056 0.04429 0.088196
10 0.302068 0.735017 0.064035 0.118899
15 0.580452 0.260456 0.050955 0.084245
30 0.283797 0.264696 0.059479 0.09354
5 0.518672 0.735873 0.065972 0.116271
15 0.459926 0.262328 0.052186 0.086323
