2 0.206777 0.674413 0.032699 0.083866
25 0.277135 0.515787 0.049935 0.096027
7 0.244307 0.674741 0.036982 0.086111
1 0.282485 0.672855 0.037803 0.086809
40 0.221666 0.517386 0.059135 0.098145
17 0.132741 0.498922 0.074275 0.065794
14 0.232723 0.379384 0.046054 0.09414
28 0.354284 0.576805 0.074325 0.081073
13 0.331328 0.412743 0.055654 0.08485
33 0.351103 0.476125 0.069627 0.081143
39 0.133707 0.581989 0.076976 0.090871
25 0.1875 0.403508 0.062132 0.088583
37 0.284992 0.385673 0.05277 0.098826
25 0.148804 0.447948 0.066759 0.056266
22 0.357452 0.526796 0.064235 0.037035
