1 0.295341 0.282873 0.028995 0.062152
1 0.731755 0.271262 0.027745 0.061907
1 0.701053 0.271429 0.029016 0.062478
4 0.763817 0.270744 0.027719 0.062265
7 0.263606 0.283472 0.029999 0.065461
17 0.664173 0.202041 0.023494 0.058378
49 0.389548 0.293122 0.032745 0.072294
27 0.416076 0.211775 0.037095 0.063536
27 0.763237 0.199257 0.033894 0.057318
16 0.586087 0.200874 0.029698 0.060932
33 0.291463 0.213488 0.027489 0.061345
15 0.65886 0.27141 0.030789 0.064835
16 0.241877 0.214999 0.030523 0.064511
41 0.266022 0.211415 0.026879 0.065705
17 0.315452 0.214103 0.022779 0.066303
28 0.342331 0.212609 0.03189 0.063316
22 0.363515 0.213804 0.014123 0.062121
37 0.384244 0.213207 0.025512 0.063316
56 0.345975 0.282496 0.051935 0.062121
41 0.612942 0.200962 0.022779 0.067497
33 0.636631 0.202754 0.02369 0.062719
28 0.688339 0.201559 0.030523 0.063913
22 0.709751 0.200663 0.0123 0.063316
37 0.729568 0.200663 0.025512 0.063316
39 0.592896 0.271147 0.042824 0.064511
30 0.628887 0.271445 0.027334 0.063913
