1 0.638642 0.251965 0.027631 0.065962
1 0.669707 0.252235 0.02894 0.063743
5 0.700125 0.251775 0.026651 0.063814
1 0.26223 0.263701 0.026223 0.063622
37 0.366074 0.195275 0.026424 0.064547
2 0.236185 0.264128 0.019704 0.064587
1 0.292561 0.263943 0.028238 0.065125
39 0.530311 0.250916 0.038978 0.063144
27 0.697056 0.181102 0.034477 0.062442
16 0.222211 0.194084 0.029218 0.062976
17 0.298848 0.194585 0.026681 0.061187
49 0.375537 0.276559 0.031462 0.066691
33 0.572318 0.182998 0.021573 0.060502
17 0.59628 0.182506 0.024047 0.061907
30 0.562838 0.252836 0.023058 0.060782
41 0.549799 0.183824 0.023267 0.062868
27 0.400997 0.195145 0.034131 0.064577
28 0.618502 0.182551 0.022521 0.060444
37 0.665018 0.182624 0.02644 0.061616
16 0.522719 0.182954 0.02952 0.0653
33 0.273628 0.193932 0.02247 0.060409
22 0.644373 0.182526 0.012285 0.061147
28 0.322799 0.195631 0.024411 0.063098
15 0.591973 0.252604 0.03031 0.063158
41 0.249372 0.194505 0.024469 0.062724
22 0.344662 0.195936 0.01375 0.060417
56 0.337787 0.267603 0.04375 0.057083
