5 0.2537269592285156 0.5009279847145081 0.0906987190246582 0.18545588850975037
3 0.8165143132209778 0.612995982170105 0.08026885986328125 0.16018550097942352
4 0.3447098731994629 0.49508360028266907 0.08042240142822266 0.18210391700267792
7 0.1495644748210907 0.5028156042098999 0.09432049095630646 0.186064213514328
3 0.7113107442855835 0.5089768767356873 0.11417627334594727 0.24418704211711884
5 0.2537269592285156 0.5009279847145081 0.0906987190246582 0.18545588850975037
3 0.8165143132209778 0.612995982170105 0.08026885986328125 0.16018550097942352
4 0.3447098731994629 0.49508360028266907 0.08042240142822266 0.18210391700267792
7 0.1495644748210907 0.5028156042098999 0.09432049095630646 0.186064213514328
3 0.7113107442855835 0.5089768767356873 0.11417627334594727 0.24418704211711884
