15 0.598295 0.257032 0.019844 0.048065
15 0.555761 0.306034 0.020004 0.048804
1 0.625161 0.312796 0.016599 0.046414
28 0.57504 0.254358 0.020319 0.047609
4 0.591392 0.309471 0.017251 0.046904
5 0.39244 0.285801 0.024964 0.047881
29 0.618461 0.256817 0.019415 0.048158
21 0.534778 0.305778 0.021689 0.049434
56 0.648365 0.313136 0.026655 0.043412
9 0.4471 0.289268 0.024595 0.04611
2 0.407619 0.287262 0.011222 0.044886
4 0.424282 0.289756 0.021423 0.048967
38 0.536667 0.252804 0.023123 0.055767
13 0.55792 0.257112 0.015302 0.05078
15 0.63851 0.257112 0.019383 0.048967
22 0.651772 0.253031 0.007821 0.056221
28 0.670475 0.258472 0.026864 0.05078
49 0.667414 0.31832 0.014622 0.046246
25 0.572541 0.306758 0.014622 0.048513
7 0.607906 0.309932 0.015302 0.055767
