19 0.297493 0.705681 0.023494 0.055422
21 0.32671 0.707288 0.033735 0.057028
30 0.358638 0.706083 0.028916 0.054619
15 0.391168 0.704878 0.037952 0.057028
30 0.558638 0.68801 0.01747 0.076305
29 0.584241 0.693633 0.028916 0.076305
28 0.61888 0.697247 0.036747 0.077109
34 0.650506 0.698051 0.026506 0.073896
35 0.677012 0.698452 0.028916 0.079518
17 0.702012 0.697247 0.024699 0.075502
25 0.728217 0.699657 0.022892 0.070683
6 0.313946 0.764562 0.031145 0.056546
1 0.344428 0.766771 0.028494 0.060964
1 0.376235 0.765446 0.027169 0.056546
