4 0.646909 0.245079 0.020948 0.041303
1 0.706969 0.244743 0.023084 0.041999
1 0.511259 0.254869 0.023401 0.040523
4 0.448781 0.253942 0.02132 0.041116
13 0.502788 0.210822 0.022857 0.040885
28 0.528659 0.210447 0.02735 0.043979
13 0.697467 0.20147 0.020314 0.040995
2 0.467949 0.254517 0.01637 0.041441
1 0.487662 0.255213 0.021641 0.040557
41 0.461562 0.209386 0.021908 0.041258
28 0.722166 0.20114 0.027254 0.043539
25 0.676927 0.201324 0.018524 0.041706
27 0.434636 0.209444 0.032014 0.044598
41 0.656828 0.200735 0.020467 0.040888
1 0.684131 0.245296 0.021869 0.040418
27 0.631592 0.201511 0.030132 0.042506
4 0.664928 0.245248 0.015834 0.040607
25 0.480813 0.210312 0.017153 0.039719
