1 0.422293 0.307303 0.035502 0.059988
1 0.353494 0.307312 0.032693 0.06068
1 0.640256 0.299976 0.033491 0.062761
13 0.693336 0.239174 0.034381 0.054111
25 0.66157 0.2386 0.031047 0.056491
27 0.586612 0.236856 0.043944 0.059049
13 0.405823 0.246507 0.034107 0.055863
41 0.340221 0.244743 0.032664 0.058859
28 0.731348 0.239854 0.038874 0.058822
7 0.606589 0.299933 0.031435 0.062949
28 0.446579 0.244304 0.040902 0.061308
41 0.62777 0.237068 0.033763 0.054719
25 0.37359 0.244964 0.030537 0.056846
7 0.673824 0.301846 0.029742 0.064289
7 0.387577 0.308016 0.029432 0.061074
27 0.298192 0.24539 0.0462 0.061425
1 0.707533 0.300159 0.033689 0.060081
7 0.31938 0.307177 0.029933 0.060967
