7 0.374512 0.550629 0.02768 0.076446
2 0.347679 0.551038 0.02438 0.079251
28 0.602794 0.314893 0.043305 0.082928
5 0.31548 0.550196 0.038699 0.079592
35 0.346629 0.31527 0.038273 0.080692
13 0.313154 0.31771 0.042233 0.079737
7 0.510082 0.55027 0.031257 0.078081
34 0.381174 0.31667 0.030652 0.08125
39 0.269062 0.316544 0.049434 0.080332
29 0.554819 0.314374 0.046146 0.084401
34 0.511732 0.316541 0.038707 0.079799
35 0.480767 0.31833 0.026308 0.079172
12 0.546356 0.548555 0.038518 0.079969
12 0.39977 0.550508 0.024054 0.075807
5 0.470434 0.555198 0.019715 0.086163
2 0.487685 0.551182 0.015882 0.088354
