6 0.7883685231208801 0.6274005770683289 0.0946141853928566 0.17221005260944366
12 0.1627204418182373 0.5131296515464783 0.09149619936943054 0.16755016148090363
8 0.6869381666183472 0.6170017123222351 0.08391746133565903 0.17795711755752563
28 0.26197555661201477 0.5062060356140137 0.08322133123874664 0.16798336803913116
1 0.36836951971054077 0.5032848715782166 0.09836787730455399 0.16877269744873047
35 0.7919566631317139 0.41301819682121277 0.0886392593383789 0.16573330760002136
6 0.7883685231208801 0.6274005770683289 0.0946141853928566 0.17221005260944366
12 0.1627204418182373 0.5131296515464783 0.09149619936943054 0.16755016148090363
8 0.6869381666183472 0.6170017123222351 0.08391746133565903 0.17795711755752563
28 0.26197555661201477 0.5062060356140137 0.08322133123874664 0.16798336803913116
1 0.36836951971054077 0.5032848715782166 0.09836787730455399 0.16877269744873047
35 0.7919566631317139 0.41301819682121277 0.0886392593383789 0.16573330760002136
