4 0.727365 0.555139 0.064543 0.116117
7 0.798935 0.553759 0.060719 0.118152
9 0.868933 0.548997 0.061057 0.115072
29 0.186621 0.312744 0.056 0.104328
25 0.314534 0.534361 0.078794 0.068466
43 0.802092 0.345393 0.068112 0.107796
61 0.8622 0.340138 0.044029 0.096347
4 0.195043 0.461089 0.056119 0.105275
30 0.724673 0.359386 0.06992 0.121481
27 0.125119 0.515295 0.086445 0.114848
22 0.112928 0.428966 0.079043 0.043303
22 0.305459 0.350133 0.06123 0.084075
16 0.336242 0.410638 0.076686 0.07852
40 0.254721 0.309817 0.061549 0.113554
22 0.334348 0.479392 0.080687 0.051508
28 0.125085 0.364003 0.066479 0.112322
2 0.245423 0.420345 0.034017 0.072037
4 0.249425 0.499941 0.040687 0.071147
