19 0.288638 0.113523 0.048425 0.112553
31 0.342199 0.113523 0.046957 0.106781
23 0.405298 0.108713 0.066034 0.118325
15 0.238746 0.221266 0.05943 0.141413
27 0.29084 0.237619 0.041821 0.097161
56 0.331927 0.234733 0.040354 0.106781
44 0.374482 0.2381 0.041821 0.107743
46 0.427309 0.245796 0.05943 0.134679
15 0.315419 0.346324 0.051359 0.108705
30 0.367145 0.3444 0.046223 0.106781
11 0.572583 0.197697 0.052093 0.128907
1 0.627611 0.198659 0.049158 0.126983
51 0.702449 0.215013 0.066767 0.103895
46 0.761879 0.230885 0.044756 0.126021
