1 0.317197 0.2763 0.028652 0.067024
1 0.350563 0.276543 0.032297 0.067665
1 0.640531 0.273447 0.032838 0.068978
1 0.606642 0.274302 0.031299 0.0689
26 0.453584 0.203415 0.036881 0.065969
46 0.733815 0.283968 0.030385 0.06167
46 0.445267 0.290259 0.030493 0.067519
1 0.322199 0.276485 0.023088 0.0675
51 0.695096 0.283103 0.042581 0.054858
27 0.661189 0.204459 0.031273 0.066703
31 0.283447 0.277187 0.032393 0.066668
15 0.408999 0.206386 0.033801 0.068157
15 0.287912 0.207669 0.03678 0.067942
5 0.574525 0.274107 0.029802 0.069409
27 0.37376 0.207875 0.031788 0.066471
15 0.697239 0.203165 0.036719 0.06903
26 0.742889 0.19784 0.036145 0.057831
21 0.718492 0.200652 0.013855 0.071486
17 0.632347 0.202258 0.029518 0.06988
24 0.60313 0.205069 0.026506 0.065864
15 0.573009 0.201857 0.03253 0.06747
17 0.345298 0.208684 0.028916 0.068273
24 0.317587 0.206676 0.025301 0.070683
21 0.429334 0.204266 0.010241 0.070683
51 0.404635 0.285391 0.04759 0.064257
