7 0.289912 0.687598 0.06638 0.130349
30 0.777543 0.346068 0.073585 0.135142
24 0.12101 0.453932 0.106825 0.078986
4 0.198611 0.684004 0.082227 0.131785
11 0.711211 0.68938 0.063527 0.123749
31 0.60321 0.557518 0.088722 0.091912
18 0.111569 0.541718 0.102155 0.08176
19 0.294113 0.340365 0.07141 0.122582
5 0.793818 0.683422 0.075144 0.119857
2 0.854792 0.631876 0.082153 0.095053
24 0.391551 0.488474 0.095852 0.096773
24 0.849818 0.403118 0.083267 0.132063
1 0.363567 0.632242 0.079272 0.113391
2 0.651226 0.654247 0.067535 0.103725
17 0.610501 0.443792 0.097988 0.10295
13 0.202667 0.352229 0.073793 0.119463
38 0.371654 0.373915 0.121073 0.110115
13 0.68436 0.356275 0.090604 0.124013
17 0.881204 0.528397 0.109046 0.102632
