7 0.621574 0.593191 0.04262 0.080212
5 0.705582 0.593984 0.040983 0.08024
10 0.663959 0.593537 0.037344 0.081871
26 0.221331 0.502708 0.050806 0.081034
30 0.696756 0.495615 0.044272 0.085722
17 0.406305 0.497257 0.036237 0.080846
30 0.57481 0.495505 0.043905 0.083023
17 0.657507 0.495284 0.036973 0.085778
27 0.617563 0.495345 0.042869 0.083544
13 0.261869 0.50021 0.048193 0.081125
35 0.295604 0.498603 0.036145 0.077912
13 0.32452 0.503422 0.03494 0.074699
26 0.364597 0.498894 0.042166 0.07617
21 0.722353 0.494013 0.017259 0.08334
19 0.751507 0.492147 0.041048 0.085828
