1 0.671163 0.245473 0.051835 0.085704
21 0.369491 0.257295 0.02288 0.075051
27 0.398369 0.167345 0.048151 0.087866
13 0.494751 0.160656 0.042025 0.079847
18 0.336077 0.254227 0.035192 0.079857
4 0.574812 0.252181 0.037959 0.086843
17 0.439576 0.255672 0.037788 0.090549
9 0.620144 0.246405 0.042857 0.084307
39 0.400739 0.259237 0.034671 0.084773
28 0.292326 0.253084 0.045041 0.081633
15 0.447192 0.163098 0.04382 0.086571
28 0.302685 0.162001 0.04577 0.084992
13 0.659952 0.153036 0.04176 0.07895
30 0.54033 0.15903 0.040735 0.081302
30 0.485712 0.251804 0.048402 0.086127
16 0.586917 0.15685 0.04582 0.08823
28 0.349602 0.163378 0.041385 0.082126
21 0.625695 0.153477 0.026074 0.070758
