51 0.440715 0.432152 0.037463 0.058731
1 0.396485 0.429782 0.034765 0.075074
1 0.360274 0.430891 0.030985 0.073085
26 0.28413 0.315415 0.035802 0.084612
34 0.359719 0.326341 0.035956 0.066429
27 0.426085 0.327039 0.032395 0.064471
2 0.331625 0.431417 0.024593 0.075437
27 0.581706 0.305196 0.02899 0.065313
53 0.615596 0.301631 0.037502 0.074584
53 0.702999 0.302478 0.035 0.068823
53 0.456803 0.328502 0.028483 0.060503
48 0.673267 0.292149 0.022792 0.085133
44 0.320382 0.326138 0.035735 0.066704
56 0.394485 0.328014 0.028189 0.068882
46 0.638862 0.419184 0.035466 0.07344
46 0.469911 0.438475 0.016416 0.064942
19 0.604936 0.675892 0.107835 0.207703
1 0.558561 0.405051 0.020357 0.072441
58 0.648076 0.296667 0.025687 0.081982
56 0.557153 0.305082 0.018227 0.064355
51 0.596119 0.411418 0.043735 0.060257
