4 0.407899 0.727284 0.026513 0.06929
1 0.5656 0.568026 0.026153 0.073674
20 0.364539 0.288337 0.043282 0.083386
2 0.380927 0.728582 0.02511 0.067864
51 0.553094 0.72795 0.021795 0.049277
31 0.357666 0.652691 0.035099 0.074588
31 0.419792 0.289109 0.033152 0.081809
46 0.576187 0.735366 0.025244 0.062153
28 0.702353 0.278287 0.040054 0.085329
16 0.60557 0.279201 0.044994 0.084599
16 0.35144 0.574479 0.03747 0.074258
32 0.590152 0.567941 0.023156 0.075951
28 0.413919 0.573585 0.026685 0.075998
7 0.432806 0.727824 0.022524 0.066255
13 0.438162 0.574626 0.02412 0.075187
32 0.322382 0.286405 0.039778 0.083823
51 0.454069 0.735644 0.016962 0.050213
21 0.417216 0.651242 0.029083 0.074981
17 0.386122 0.574561 0.029855 0.078118
26 0.447853 0.650364 0.023451 0.07198
17 0.613392 0.646351 0.0341 0.07693
21 0.395205 0.289572 0.016765 0.082611
17 0.454247 0.290058 0.024054 0.083583
17 0.543904 0.285684 0.021139 0.080667
26 0.570145 0.285684 0.032801 0.088442
34 0.663447 0.280339 0.043006 0.091358
28 0.389889 0.652228 0.026387 0.074347
23 0.54572 0.567923 0.016429 0.070364
17 0.616665 0.569583 0.026884 0.077666
24 0.583806 0.64924 0.022902 0.076339
23 0.560655 0.64559 0.017425 0.069037
26 0.543479 0.644926 0.01394 0.070364
