25 0.28341 0.312601 0.060964 0.106908
13 0.339073 0.316135 0.04241 0.105141
15 0.384796 0.316135 0.04241 0.110442
30 0.425218 0.316135 0.031145 0.103374
27 0.454706 0.315693 0.027831 0.098956
2 0.269163 0.405372 0.02253 0.076868
1 0.297657 0.40979 0.033133 0.082169
1 0.333109 0.408465 0.041747 0.081285
51 0.385459 0.416416 0.05235 0.065382
46 0.426874 0.425693 0.033133 0.080402
15 0.530911 0.319227 0.023855 0.100723
30 0.557417 0.323203 0.029157 0.096306
27 0.594194 0.32232 0.039096 0.09984
16 0.639255 0.321436 0.043072 0.096306
13 0.685309 0.320111 0.04506 0.098956
26 0.727719 0.316135 0.039759 0.096306
32 0.753231 0.31481 0.017892 0.091888
51 0.531905 0.419067 0.023193 0.06008
46 0.557748 0.429228 0.027169 0.082169
1 0.308922 0.563967 0.038434 0.08482
2 0.341061 0.567059 0.019217 0.080402
6 0.37088 0.565734 0.035121 0.079518
12 0.40567 0.564851 0.034458 0.086587
1 0.308922 0.650112 0.037109 0.08747
1 0.347356 0.651879 0.037109 0.082169
1 0.386121 0.64967 0.037771 0.086587
12 0.421573 0.650554 0.033133 0.08482
2 0.605459 0.571919 0.021868 0.077751
6 0.636604 0.571035 0.03247 0.083052
12 0.674707 0.569268 0.037109 0.08482
1 0.576965 0.654088 0.033795 0.083052
1 0.612749 0.655413 0.039096 0.082169
1 0.651845 0.654971 0.037771 0.081285
12 0.691604 0.652762 0.040422 0.083936
