16 0.2482 0.331945 0.026241 0.084554
13 0.279179 0.333889 0.029886 0.076779
26 0.317083 0.333889 0.041548 0.084554
32 0.357538 0.332431 0.032801 0.085526
30 0.391432 0.330001 0.034988 0.080667
21 0.418767 0.334375 0.021139 0.081639
34 0.439541 0.330487 0.02041 0.077751
2 0.245284 0.415528 0.021139 0.063173
1 0.267152 0.417957 0.02697 0.069976
1 0.296309 0.417957 0.038633 0.077751
51 0.354987 0.426219 0.049566 0.063173
46 0.397993 0.432536 0.037904 0.077751
1 0.290113 0.574918 0.036446 0.084554
2 0.323643 0.580263 0.026241 0.081639
6 0.354258 0.578319 0.030615 0.077751
12 0.393255 0.577348 0.037175 0.081639
1 0.28501 0.666275 0.039362 0.078723
1 0.325101 0.666275 0.032072 0.076779
5 0.362276 0.661902 0.03353 0.079695
5 0.399451 0.661902 0.034988 0.075807
