37 0.152832 0.430469 0.047852 0.057292
16 0.170898 0.385547 0.046875 0.048177
23 0.195801 0.354297 0.043945 0.058594
23 0.224121 0.325 0.041992 0.065104
13 0.263672 0.321745 0.037109 0.06901
35 0.30127 0.326302 0.030273 0.072917
33 0.331055 0.339323 0.035156 0.059896
31 0.350098 0.371875 0.043945 0.059896
20 0.365234 0.40638 0.037109 0.029948
26 0.37207 0.440885 0.044922 0.046875
32 0.241699 0.467578 0.03418 0.061198
31 0.28125 0.466276 0.03125 0.066406
3 0.223145 0.585026 0.02832 0.076823
1 0.260254 0.586979 0.032227 0.065104
1 0.297852 0.58763 0.029297 0.058594
