12 0.223438 0.267917 0.0375 0.058333
26 0.253125 0.266875 0.028125 0.052083
14 0.276562 0.266875 0.021875 0.052083
27 0.303125 0.274167 0.021875 0.05
13 0.326562 0.272083 0.025 0.054167
27 0.351563 0.274167 0.025 0.05
26 0.380469 0.272083 0.032813 0.05
6 0.259375 0.32625 0.021875 0.05
1 0.282813 0.328333 0.021875 0.045833
1 0.305469 0.328333 0.017188 0.054167
20 0.332813 0.327292 0.0125 0.052083
14 0.353125 0.327292 0.025 0.047917
26 0.379688 0.327292 0.03125 0.05625
12 0.566406 0.278333 0.032813 0.054167
26 0.594531 0.28 0.029687 0.05
14 0.620313 0.282083 0.01875 0.05
27 0.646875 0.287292 0.025 0.05625
13 0.66875 0.28625 0.021875 0.05
27 0.69375 0.284167 0.028125 0.054167
26 0.722656 0.28625 0.026562 0.05
6 0.596094 0.341458 0.026562 0.05625
1 0.619531 0.339375 0.023438 0.05625
1 0.646094 0.341458 0.026562 0.047917
20 0.673438 0.340417 0.0125 0.058333
14 0.692969 0.3425 0.026562 0.054167
26 0.721094 0.341458 0.026562 0.052083
