5 0.319259 0.72508 0.040012 0.090498
1 0.42237 0.723966 0.041808 0.088892
1 0.370543 0.723565 0.054698 0.093828
15 0.630031 0.591871 0.059881 0.095018
46 0.602829 0.726584 0.046029 0.091595
51 0.566217 0.600457 0.040935 0.075792
39 0.417962 0.616915 0.027937 0.068849
56 0.331855 0.617269 0.025375 0.068545
16 0.686743 0.590876 0.050328 0.095316
15 0.256827 0.619666 0.031614 0.06899
40 0.296087 0.618012 0.041348 0.072138
51 0.562899 0.718371 0.032644 0.07175
43 0.368523 0.608077 0.04431 0.091606
48 0.398644 0.607082 0.010953 0.097581
44 0.440464 0.616707 0.022902 0.062399
