25 0.28776 0.315972 0.048438 0.066667
41 0.324479 0.318056 0.0375 0.058333
23 0.357292 0.321181 0.0375 0.064583
12 0.389323 0.319097 0.039063 0.060417
26 0.429948 0.314931 0.042188 0.064583
5 0.311198 0.379514 0.029687 0.060417
5 0.34401 0.381597 0.035937 0.05625
2 0.374479 0.378472 0.028125 0.0625
6 0.401823 0.379514 0.032813 0.064583
25 0.559635 0.309722 0.051562 0.079167
41 0.603385 0.314931 0.035937 0.064583
23 0.635417 0.315972 0.03125 0.0625
12 0.66901 0.309722 0.032813 0.066667
26 0.708854 0.312847 0.040625 0.064583
5 0.586979 0.378472 0.03125 0.058333
5 0.622135 0.377431 0.035937 0.064583
2 0.651823 0.377431 0.026562 0.06875
6 0.682292 0.380556 0.0375 0.0625
