25 0.261122 0.242503 0.055398 0.075807
38 0.30923 0.246391 0.037904 0.073864
24 0.348227 0.244933 0.034259 0.074836
13 0.38358 0.25125 0.034259 0.069976
26 0.426586 0.245905 0.050295 0.072892
11 0.291007 0.322684 0.035717 0.069004
1 0.328911 0.327058 0.037175 0.068032
4 0.366815 0.324628 0.038633 0.070948
2 0.406176 0.328516 0.038633 0.082611
25 0.556698 0.220636 0.055398 0.084554
38 0.603713 0.218692 0.037175 0.078723
24 0.640888 0.22258 0.034259 0.074836
13 0.677334 0.22015 0.035717 0.066089
26 0.720704 0.22258 0.045193 0.078723
11 0.579659 0.299359 0.045922 0.076779
1 0.621936 0.301303 0.037175 0.072892
4 0.660569 0.303246 0.035717 0.076779
2 0.69665 0.302761 0.027699 0.073864
