25 0.225 0.247292 0.059374 0.085417
41 0.273437 0.246249 0.05 0.083333
23 0.313282 0.248334 0.045312 0.083333
12 0.353906 0.242084 0.042187 0.083333
26 0.403125 0.244167 0.05 0.083333
7 0.254688 0.328542 0.04375 0.08125
2 0.288282 0.329584 0.026563 0.079167
3 0.322656 0.331666 0.042187 0.075
1 0.367968 0.325417 0.045312 0.075
25 0.557032 0.226459 0.057813 0.089584
41 0.602344 0.2275 0.042187 0.0875
23 0.642968 0.229583 0.042187 0.083333
12 0.682813 0.224375 0.037501 0.085417
26 0.725 0.221251 0.046875 0.091667
7 0.585157 0.309792 0.042187 0.08125
2 0.619531 0.315 0.026563 0.075
3 0.655469 0.313959 0.035938 0.08125
1 0.697656 0.312917 0.045312 0.083333
