2 0.663179 0.32022 0.029468 0.077312
1 0.748503 0.32008 0.045682 0.076859
2 0.296914 0.317654 0.028695 0.07693
26 0.781824 0.233132 0.056383 0.088052
13 0.73157 0.233924 0.046188 0.084393
7 0.700221 0.31897 0.040776 0.080883
26 0.416471 0.232055 0.054134 0.087641
1 0.383539 0.318644 0.048978 0.077254
24 0.324231 0.2309 0.034939 0.083029
7 0.334863 0.316194 0.042252 0.078705
24 0.689503 0.234604 0.032801 0.085316
13 0.366008 0.23145 0.042202 0.083914
9 0.623142 0.319783 0.04958 0.077864
9 0.258386 0.317448 0.048744 0.079058
38 0.281953 0.229928 0.051014 0.083429
38 0.647105 0.234118 0.053993 0.085474
25 0.229484 0.232925 0.058541 0.089966
25 0.589478 0.233999 0.052661 0.085795
