1 0.407667 0.28475 0.036429 0.061987
13 0.39843 0.215133 0.033591 0.060714
2 0.347779 0.284263 0.027106 0.063469
1 0.709658 0.247915 0.037544 0.069418
2 0.679077 0.248821 0.02482 0.066618
38 0.332895 0.213906 0.032095 0.058064
2 0.653133 0.245864 0.02588 0.067016
5 0.316366 0.284638 0.034141 0.065881
2 0.375806 0.28538 0.025397 0.062975
26 0.437423 0.213838 0.042664 0.06509
26 0.73783 0.177238 0.043061 0.065941
5 0.621802 0.245822 0.035265 0.067392
38 0.636093 0.176675 0.032896 0.061396
25 0.292118 0.214673 0.046904 0.062286
24 0.364946 0.215755 0.028577 0.061536
25 0.599763 0.177227 0.049812 0.062325
24 0.670133 0.177799 0.032361 0.060407
13 0.699755 0.175476 0.028876 0.058416
