1 0.405553 0.240628 0.04399 0.076415
1 0.749268 0.289381 0.041159 0.071164
7 0.708818 0.290019 0.035755 0.070924
13 0.390147 0.16146 0.040362 0.069015
4 0.323404 0.241229 0.038548 0.077759
4 0.666335 0.290579 0.040313 0.074624
7 0.362871 0.241666 0.037117 0.076307
26 0.782284 0.209825 0.054776 0.076711
26 0.438412 0.160365 0.053066 0.074996
25 0.60405 0.209238 0.062401 0.074214
24 0.349157 0.162044 0.034628 0.070051
13 0.737481 0.211037 0.040357 0.068436
38 0.309317 0.161065 0.0393 0.068349
6 0.626629 0.290142 0.040081 0.069542
6 0.279781 0.240624 0.040749 0.070739
25 0.258503 0.161525 0.060272 0.077628
38 0.655582 0.210522 0.043518 0.072058
24 0.69726 0.212198 0.037352 0.070838
