4 0.288476 0.282777 0.03798 0.074263
13 0.393542 0.202923 0.03736 0.071755
4 0.590477 0.259561 0.037915 0.073797
13 0.695507 0.175333 0.038258 0.069607
7 0.329033 0.2827 0.033569 0.072247
7 0.632462 0.258802 0.035397 0.072985
1 0.671894 0.257161 0.036734 0.069155
24 0.354976 0.203164 0.03171 0.073876
1 0.412027 0.280215 0.040427 0.072323
1 0.714988 0.25489 0.039924 0.072688
1 0.368749 0.281563 0.038422 0.071315
26 0.740127 0.173288 0.044044 0.074304
26 0.436348 0.198415 0.044685 0.076679
24 0.657254 0.177042 0.030406 0.07284
25 0.271523 0.203027 0.052499 0.07705
25 0.573829 0.179001 0.05386 0.074696
38 0.621121 0.177173 0.039879 0.073399
38 0.318224 0.202059 0.039076 0.074957
