2 0.326876 0.282394 0.024335 0.067158
1 0.723388 0.267739 0.038547 0.068708
4 0.622595 0.268027 0.035592 0.068486
4 0.293152 0.282458 0.037701 0.068673
1 0.68522 0.267511 0.035957 0.067619
13 0.383223 0.209878 0.036985 0.06896
1 0.35877 0.283832 0.036545 0.066624
25 0.599363 0.194381 0.050699 0.072939
2 0.653808 0.267546 0.02327 0.064667
26 0.425552 0.210091 0.041162 0.068443
26 0.749319 0.193534 0.04396 0.06924
1 0.397807 0.284122 0.038612 0.06685
38 0.315224 0.208314 0.03799 0.066173
13 0.708708 0.195233 0.033565 0.067272
38 0.643379 0.19421 0.038094 0.069688
25 0.2714 0.207654 0.050702 0.072974
24 0.348096 0.210392 0.02777 0.065312
24 0.676752 0.195435 0.029239 0.069336
