13 0.399058 0.303009 0.028823 0.049205
13 0.66336 0.317879 0.032362 0.053166
12 0.677376 0.367781 0.028832 0.051249
12 0.411234 0.352902 0.030978 0.050066
6 0.650423 0.370687 0.023672 0.044619
2 0.33169 0.353286 0.024036 0.049557
25 0.582387 0.320064 0.035895 0.057287
6 0.382489 0.353594 0.02489 0.046946
27 0.623838 0.369073 0.027236 0.047613
38 0.615964 0.318977 0.028658 0.054406
25 0.316981 0.30235 0.036081 0.056127
38 0.348552 0.300679 0.029066 0.051449
24 0.372857 0.300679 0.020546 0.051449
26 0.431991 0.304688 0.034578 0.054122
1 0.356069 0.351795 0.028063 0.052118
24 0.640962 0.315713 0.028564 0.05479
26 0.700597 0.317718 0.03558 0.052118
2 0.600621 0.370838 0.020045 0.048777
