25 0.44375 0.209374 0.034374 0.052083
41 0.473437 0.20625 0.021875 0.05
23 0.49375 0.208333 0.021875 0.045834
12 0.514062 0.205208 0.025 0.052083
26 0.540626 0.207291 0.03125 0.04375
17 0.448437 0.257291 0.021875 0.052083
16 0.472656 0.25625 0.026563 0.05
7 0.50625 0.25625 0.025 0.05
8 0.530469 0.257291 0.026563 0.052083
25 0.635157 0.209374 0.029688 0.047917
41 0.661718 0.211458 0.029688 0.04375
23 0.687501 0.211458 0.021875 0.04375
12 0.707813 0.211458 0.025 0.047917
26 0.735938 0.212501 0.03125 0.045834
17 0.639843 0.25625 0.020312 0.05
16 0.664062 0.259374 0.028125 0.047917
7 0.7 0.258333 0.025 0.05
8 0.722656 0.25625 0.029688 0.05
