25 0.332292 0.276389 0.05 0.066667
41 0.367448 0.276389 0.035937 0.058333
23 0.397917 0.277431 0.03125 0.05625
12 0.427604 0.277431 0.0375 0.060417
26 0.46276 0.278472 0.045312 0.0625
3 0.347135 0.336806 0.035937 0.058333
1 0.38151 0.340972 0.035937 0.0625
5 0.413542 0.344097 0.03125 0.064583
8 0.444792 0.337847 0.0375 0.05625
25 0.603385 0.256597 0.045312 0.060417
41 0.636979 0.257639 0.028125 0.054167
23 0.665885 0.259722 0.035937 0.058333
12 0.696354 0.256597 0.0375 0.052083
26 0.732292 0.261806 0.04375 0.058333
3 0.620573 0.314931 0.032813 0.060417
1 0.652604 0.315972 0.034375 0.058333
5 0.68151 0.317014 0.035937 0.060417
8 0.710417 0.315972 0.0375 0.0625
