24 0.176287 0.410311 0.034016 0.069112
13 0.206254 0.407611 0.027537 0.072352
13 0.320046 0.401132 0.041305 0.063713
26 0.367426 0.398432 0.052644 0.071272
26 0.41521 0.399512 0.047785 0.077751
17 0.453681 0.400592 0.027537 0.069112
26 0.558159 0.404912 0.034016 0.071272
17 0.59825 0.410311 0.046165 0.077751
32 0.64158 0.410311 0.048595 0.079911
32 0.6841 0.409771 0.038066 0.074512
32 0.795867 0.403292 0.026727 0.068032
2 0.124048 0.616028 0.024297 0.080991
9 0.153205 0.617108 0.027537 0.096109
5 0.179527 0.619807 0.021868 0.08855
4 0.198965 0.618727 0.013768 0.08639
2 0.334219 0.613868 0.023487 0.080991
9 0.363376 0.610628 0.028347 0.08747
5 0.393343 0.614408 0.029967 0.09071
4 0.422499 0.612248 0.031586 0.08639
4 0.55492 0.623587 0.027537 0.08531
