32 0.610663 0.190858 0.090581 0.036232
30 0.608399 0.239168 0.087864 0.072465
21 0.611116 0.285062 0.102356 0.038648
28 0.610663 0.335787 0.089675 0.065218
32 0.61021 0.393759 0.088769 0.053141
38 0.609305 0.440257 0.088769 0.047102
26 0.611116 0.550162 0.085146 0.049518
17 0.616098 0.602699 0.093298 0.055556
17 0.604776 0.792919 0.090581 0.061595
16 0.41682 0.215013 0.09511 0.055556
26 0.411838 0.405233 0.094204 0.090581
7 0.33258 0.205351 0.069747 0.055556
1 0.330768 0.263322 0.069747 0.062803
51 0.32171 0.341826 0.051631 0.094204
46 0.317181 0.411875 0.062501 0.050725
