26 0.412615 0.397251 0.073708 0.070881
46 0.327336 0.396203 0.056524 0.042104
30 0.609722 0.279465 0.070822 0.051927
16 0.41327 0.246552 0.073829 0.062166
51 0.335307 0.342678 0.045851 0.063784
32 0.609246 0.232777 0.069847 0.03423
2 0.341697 0.240326 0.057828 0.03453
13 0.411353 0.315682 0.075009 0.103484
28 0.608673 0.357723 0.068701 0.048724
1 0.34075 0.280959 0.058632 0.049445
32 0.610609 0.402567 0.074167 0.045436
38 0.608604 0.440652 0.067152 0.034745
24 0.605597 0.46905 0.065147 0.027395
21 0.609356 0.319713 0.077675 0.022718
30 0.61136 0.195432 0.076673 0.034745
27 0.614868 0.168037 0.083689 0.022718
