1 0.770118 0.273915 0.063705 0.108647
5 0.593938 0.270872 0.060274 0.109629
4 0.705435 0.273892 0.057262 0.109261
26 0.442703 0.139847 0.071073 0.105523
13 0.352634 0.144835 0.094449 0.107297
5 0.266753 0.256798 0.063602 0.112131
1 0.441283 0.25106 0.064121 0.110339
4 0.376215 0.254344 0.057638 0.112032
16 0.597464 0.161227 0.068505 0.104949
13 0.681502 0.166448 0.096986 0.106014
16 0.269684 0.145646 0.070521 0.106305
2 0.649307 0.275214 0.041659 0.107645
2 0.321643 0.257103 0.042416 0.111637
26 0.771898 0.165295 0.078075 0.110128
