7 0.204024 0.293292 0.058489 0.107985
9 0.322442 0.290837 0.058099 0.104246
7 0.262442 0.292518 0.05497 0.104277
7 0.618031 0.29695 0.053359 0.106477
9 0.677277 0.293544 0.05831 0.106915
1 0.385458 0.290049 0.063577 0.104887
7 0.560917 0.297215 0.056772 0.107785
1 0.738752 0.293887 0.063113 0.106958
13 0.29228 0.182935 0.098122 0.105493
16 0.206331 0.182333 0.070092 0.106877
26 0.737527 0.181729 0.075096 0.112382
16 0.561684 0.184566 0.069378 0.107929
26 0.383151 0.180676 0.071471 0.108492
13 0.645876 0.182755 0.097574 0.108793
