32 0.188555 0.708329 0.064286 0.132424
13 0.256541 0.712107 0.07086 0.127134
1 0.404978 0.714926 0.069073 0.124051
13 0.340161 0.582579 0.036468 0.081927
13 0.220657 0.57912 0.038688 0.081977
30 0.333644 0.713776 0.067379 0.131424
34 0.165293 0.575226 0.059158 0.087923
30 0.262415 0.580479 0.03624 0.08086
18 0.305643 0.580005 0.042677 0.081977
30 0.381586 0.582137 0.038986 0.083844
21 0.412907 0.583862 0.01892 0.083618
53 0.444085 0.581859 0.040572 0.079967
7 0.807421 0.494071 0.118298 0.276028
