36 0.164706 0.588818 0.060301 0.08482
13 0.21838 0.591027 0.039096 0.078635
30 0.264766 0.595003 0.036446 0.070683
18 0.303863 0.58926 0.033133 0.075101
13 0.338983 0.595887 0.04506 0.067149
30 0.38305 0.59677 0.033795 0.068916
21 0.411544 0.591027 0.020542 0.076868
26 0.442026 0.600304 0.039096 0.068916
32 0.182929 0.724441 0.068253 0.135181
13 0.257477 0.72665 0.068916 0.120161
30 0.335007 0.725766 0.062289 0.123695
27 0.40558 0.72665 0.066928 0.116627
4 0.77799 0.502232 0.086807 0.257993
2 0.870099 0.396207 0.03247 0.123695
4 0.871756 0.598537 0.049036 0.130763
