29 0.265788 0.343967 0.069336 0.110677
0 0.314128 0.291884 0.080078 0.084636
20 0.352214 0.235243 0.068359 0.078125
36 0.379069 0.174696 0.079101 0.113281
12 0.440104 0.136936 0.082031 0.108073
5 0.604167 0.248915 0.080078 0.141927
5 0.67985 0.249566 0.071289 0.138021
2 0.736979 0.245009 0.039062 0.131511
6 0.285319 0.801866 0.071289 0.115886
1 0.363932 0.802517 0.070312 0.130208
6 0.478678 0.601996 0.06543 0.130208
1 0.562662 0.602648 0.079101 0.134114
6 0.671061 0.803168 0.073243 0.144531
1 0.748209 0.803168 0.075196 0.136719
