13 0.361252 0.385489 0.082619 0.142333
13 0.551762 0.600154 0.042094 0.121616
28 0.33405 0.606198 0.057296 0.119851
27 0.686312 0.6025 0.056511 0.117901
26 0.616687 0.599658 0.065658 0.127935
31 0.605008 0.360305 0.06037 0.146008
26 0.729642 0.355636 0.047117 0.140194
27 0.396631 0.60619 0.056591 0.118431
31 0.543654 0.35909 0.043105 0.137115
30 0.519073 0.59632 0.023441 0.11634
17 0.674254 0.358486 0.061397 0.143149
22 0.289922 0.380122 0.044166 0.138426
31 0.274582 0.608958 0.045248 0.11605
26 0.43575 0.393094 0.062092 0.150056
30 0.448848 0.607183 0.035897 0.117716
37 0.736675 0.599681 0.038471 0.115866
2 0.516259 0.712529 0.011315 0.062761
1 0.532326 0.711624 0.021725 0.062157
1 0.556766 0.713435 0.028061 0.064571
