13 0.273926 0.182458 0.061523 0.108835
26 0.341309 0.184379 0.073242 0.115237
28 0.413086 0.185659 0.060547 0.110115
8 0.253906 0.295647 0.052734 0.101152
7 0.308105 0.302049 0.049805 0.103713
1 0.363281 0.30525 0.052734 0.099872
1 0.428223 0.303329 0.053711 0.103713
13 0.623047 0.236748 0.066406 0.111396
26 0.693359 0.236108 0.066406 0.112676
28 0.76123 0.229065 0.057617 0.108835
8 0.606934 0.340461 0.045898 0.096031
7 0.657715 0.341101 0.053711 0.09219
1 0.716797 0.345583 0.054688 0.09347
1 0.775391 0.344302 0.056641 0.096031
