25 0.338867 0.3 0.042969 0.057292
41 0.368652 0.299349 0.02832 0.05599
23 0.395996 0.301953 0.02832 0.063802
12 0.425781 0.304557 0.03125 0.05599
26 0.458984 0.297396 0.035156 0.054688
2 0.365234 0.357943 0.029297 0.058594
5 0.393066 0.361849 0.032227 0.05599
4 0.428711 0.361198 0.03125 0.0625
25 0.586426 0.300651 0.041992 0.063802
41 0.620117 0.302604 0.033203 0.057292
23 0.646973 0.301302 0.032227 0.0625
12 0.671875 0.301953 0.03125 0.061198
26 0.707031 0.299349 0.035156 0.061198
2 0.612793 0.358594 0.02832 0.067708
5 0.641602 0.361198 0.03125 0.054688
4 0.671387 0.354688 0.030273 0.067708
