25 0.256155 0.156183 0.056947 0.074107
38 0.305357 0.157702 0.038724 0.06864
24 0.345219 0.161954 0.036446 0.072284
13 0.383032 0.159828 0.038724 0.075322
26 0.428134 0.158309 0.045102 0.071069
9 0.276656 0.238794 0.041913 0.083826
1 0.319024 0.239705 0.041913 0.085648
9 0.360025 0.242135 0.038268 0.077144
1 0.402849 0.239097 0.041913 0.074714
25 0.618041 0.177467 0.053083 0.072174
38 0.665187 0.177234 0.039812 0.076365
24 0.704999 0.180726 0.037018 0.075899
13 0.742716 0.177932 0.038415 0.075899
26 0.786544 0.178398 0.042955 0.079624
9 0.637598 0.259419 0.040511 0.074968
1 0.677061 0.26035 0.041209 0.074037
9 0.718619 0.26035 0.039114 0.082418
1 0.760526 0.261282 0.043304 0.082418
