17 0.223375 0.217105 0.030925 0.063603
32 0.253996 0.21949 0.029106 0.052472
27 0.286437 0.223067 0.03335 0.054857
4 0.324941 0.223067 0.023648 0.061218
1 0.351318 0.223067 0.025467 0.053267
1 0.377696 0.221477 0.026074 0.056447
25 0.418019 0.22108 0.044871 0.058832
19 0.457433 0.219887 0.031531 0.058037
17 0.573249 0.232608 0.035169 0.061218
32 0.602658 0.234198 0.027287 0.058037
27 0.635402 0.236583 0.029712 0.054857
4 0.675119 0.234198 0.025467 0.061218
1 0.701193 0.238173 0.024255 0.054857
1 0.72848 0.237378 0.02668 0.058037
25 0.769713 0.234993 0.037595 0.064398
19 0.807611 0.232608 0.039414 0.058037
