13 0.628911 0.260142 0.037947 0.087806
7 0.675051 0.353152 0.031601 0.077662
31 0.686245 0.264155 0.038624 0.088309
12 0.641013 0.352041 0.035472 0.079963
27 0.291524 0.398094 0.036303 0.064152
24 0.468522 0.315505 0.030889 0.083564
9 0.709321 0.35435 0.03524 0.077888
27 0.303361 0.317449 0.037247 0.083942
13 0.437766 0.316609 0.030904 0.08305
16 0.328518 0.397736 0.035289 0.065023
27 0.724334 0.265305 0.037737 0.088545
26 0.765701 0.264397 0.044506 0.095259
32 0.656696 0.261397 0.027202 0.088416
15 0.253044 0.396682 0.038097 0.066839
36 0.589462 0.258549 0.048001 0.089071
21 0.369217 0.317748 0.020876 0.080745
30 0.341777 0.318346 0.034818 0.086165
18 0.247079 0.315382 0.033739 0.077902
21 0.274441 0.317302 0.015224 0.08284
26 0.400552 0.318125 0.036208 0.078999
17 0.364549 0.39877 0.030859 0.071319
21 0.389648 0.396027 0.017693 0.06693
26 0.419479 0.397124 0.038677 0.074611
17 0.45795 0.397124 0.034151 0.077902
