4 0.685366 0.607162 0.138612 0.112459
20 0.397074 0.261548 0.104691 0.087699
31 0.39739 0.133087 0.104087 0.077194
30 0.686288 0.366066 0.13598 0.096432
16 0.68612 0.239059 0.138666 0.132774
38 0.683733 0.112678 0.141222 0.107682
21 0.396693 0.192316 0.101439 0.040472
4 0.381217 0.676985 0.103786 0.093807
16 0.38051 0.789817 0.102177 0.090009
28 0.384309 0.588574 0.102876 0.077896
5 0.684206 0.71929 0.1388 0.122214
32 0.395385 0.346156 0.106775 0.07256
26 0.376274 0.868662 0.103443 0.061703
17 0.376954 0.915393 0.103443 0.028129
17 0.400925 0.059666 0.108132 0.050411
7 0.677119 0.827225 0.135428 0.107499
