28 0.261457 0.741925 0.031928 0.085944
27 0.294891 0.750359 0.03735 0.081928
26 0.330735 0.745138 0.039157 0.08755
31 0.368988 0.748351 0.027109 0.081125
32 0.393988 0.748752 0.020482 0.081928
17 0.417482 0.747949 0.022892 0.081928
24 0.443084 0.749154 0.028313 0.077912
18 0.63947 0.76321 0.023494 0.059438
20 0.669892 0.764013 0.03253 0.054619
28 0.702121 0.763612 0.027109 0.050603
15 0.734049 0.760399 0.033133 0.060241
6 0.659952 0.829476 0.027109 0.058635
1 0.687061 0.826664 0.024699 0.054619
1 0.713868 0.828672 0.024096 0.057028
