17 0.406193 0.253019 0.022371 0.050355
18 0.383753 0.251779 0.022473 0.052926
17 0.688007 0.242351 0.0256 0.056787
17 0.511364 0.253358 0.023388 0.053205
4 0.656916 0.295437 0.024534 0.049626
4 0.68416 0.295693 0.02505 0.050324
30 0.714845 0.242524 0.026725 0.055522
28 0.600337 0.241629 0.025995 0.055007
5 0.633199 0.296024 0.02132 0.048142
17 0.46835 0.253981 0.022312 0.049473
16 0.444703 0.253251 0.023611 0.051447
24 0.424726 0.255034 0.019462 0.053105
26 0.490806 0.255939 0.025798 0.054916
18 0.627718 0.239343 0.02263 0.056726
21 0.64288 0.243869 0.011315 0.053709
39 0.662115 0.241757 0.025346 0.055519
