5 0.535688 0.322182 0.050088 0.105635
7 0.26459 0.555595 0.03213 0.082241
10 0.585376 0.322106 0.050116 0.108057
1 0.303463 0.557468 0.040823 0.082544
46 0.563478 0.571633 0.043732 0.084176
61 0.258318 0.319135 0.045469 0.104025
13 0.315963 0.322486 0.067706 0.109201
5 0.38769 0.31895 0.035032 0.100993
13 0.477017 0.322963 0.033732 0.102476
46 0.397271 0.569947 0.021301 0.080903
2 0.241044 0.557803 0.020482 0.082731
51 0.359418 0.565032 0.056024 0.066667
51 0.50972 0.562221 0.061446 0.069077
1 0.470563 0.557 0.021687 0.085944
