25 0.417644 0.222155 0.038833 0.061071
38 0.449258 0.226469 0.025391 0.044476
24 0.473902 0.23012 0.018919 0.045139
13 0.49755 0.23012 0.028876 0.047795
26 0.528169 0.229125 0.030369 0.051114
4 0.433077 0.279575 0.023399 0.043148
4 0.458219 0.280238 0.023897 0.044476
7 0.484855 0.279243 0.026387 0.046467
1 0.514229 0.28057 0.026387 0.045139
25 0.624754 0.227797 0.033357 0.051114
38 0.65363 0.229789 0.025391 0.049786
24 0.679767 0.227133 0.021906 0.053769
13 0.70466 0.227797 0.023897 0.045803
26 0.731296 0.22481 0.027382 0.053105
4 0.638694 0.277915 0.020412 0.046467
4 0.663587 0.280238 0.024395 0.048458
7 0.690222 0.278247 0.024893 0.047131
1 0.716609 0.278911 0.025889 0.045803
