4 0.637068 0.587211 0.067538 0.119414
6 0.708289 0.586418 0.059233 0.117348
1 0.351693 0.609626 0.059394 0.108508
28 0.694327 0.387414 0.053383 0.12056
11 0.280733 0.609732 0.062642 0.111466
19 0.304402 0.346764 0.045931 0.090271
2 0.759775 0.583336 0.034854 0.115286
21 0.749537 0.386089 0.044955 0.116075
30 0.249871 0.375377 0.065921 0.086067
27 0.213127 0.434802 0.07185 0.070063
23 0.634501 0.386159 0.064843 0.119252
28 0.429337 0.514557 0.074097 0.071272
15 0.200383 0.510021 0.080181 0.061848
30 0.419058 0.42476 0.07488 0.078635
13 0.361076 0.360262 0.059639 0.110442
