24 0.275924 0.51114 0.050311 0.093882
1 0.283517 0.671097 0.039777 0.092477
1 0.244561 0.671134 0.036316 0.091334
37 0.21991 0.511297 0.05826 0.097401
14 0.234022 0.355608 0.047622 0.101041
5 0.204313 0.674147 0.042333 0.09402
26 0.360653 0.564481 0.078576 0.090204
36 0.125489 0.569866 0.084025 0.098246
32 0.335304 0.395037 0.061957 0.090053
24 0.149486 0.42789 0.072043 0.061546
21 0.360781 0.516028 0.075474 0.03398
34 0.288607 0.361568 0.056415 0.098412
17 0.122931 0.483347 0.074598 0.070455
24 0.181903 0.378643 0.062687 0.090386
30 0.360852 0.45931 0.095488 0.078723
