4 0.320956 0.692103 0.044599 0.102526
46 0.662585 0.716974 0.054014 0.103843
1 0.377247 0.690794 0.064325 0.1018
16 0.765751 0.574127 0.041695 0.101758
51 0.625131 0.583312 0.071637 0.088082
15 0.714461 0.572695 0.060797 0.104028
51 0.601912 0.707386 0.063706 0.084259
2 0.28423 0.690833 0.027817 0.101052
48 0.359829 0.566616 0.022661 0.089469
39 0.387846 0.57433 0.032898 0.074952
44 0.573094 0.582853 0.032146 0.079053
44 0.423588 0.575084 0.035476 0.073828
51 0.441911 0.703058 0.041081 0.078245
56 0.289124 0.577675 0.025399 0.080334
40 0.255989 0.577949 0.035869 0.077498
1 0.552969 0.700994 0.025407 0.092593
15 0.223779 0.581171 0.029573 0.07594
43 0.32482 0.566933 0.043264 0.100037
51 0.457076 0.578251 0.029573 0.07448
