31 0.632601 0.190409 0.033556 0.066327
7 0.663628 0.575402 0.035589 0.078702
5 0.702515 0.577056 0.033341 0.075759
7 0.485918 0.575756 0.034444 0.078149
24 0.450256 0.200291 0.037618 0.065833
17 0.558669 0.187883 0.035004 0.070551
6 0.622763 0.575418 0.03571 0.078841
27 0.487594 0.193887 0.033415 0.067217
26 0.689901 0.1977 0.042901 0.073471
5 0.524437 0.576536 0.035776 0.075865
15 0.572724 0.274479 0.031558 0.071879
6 0.444192 0.576729 0.03815 0.076687
32 0.608613 0.273241 0.034077 0.07781
32 0.5239 0.19072 0.028563 0.070774
20 0.533809 0.276139 0.03599 0.072684
21 0.663139 0.192324 0.021725 0.082675
26 0.594343 0.184177 0.030777 0.076037
