5 0.401123 0.507877 0.01758 0.0394
2 0.414775 0.508875 0.008977 0.040397
4 0.429737 0.509623 0.017206 0.039899
7 0.453303 0.507129 0.022069 0.040896
35 0.546628 0.477953 0.017954 0.050372
13 0.56664 0.4792 0.016084 0.046881
26 0.584594 0.482442 0.019077 0.05137
15 0.605354 0.480946 0.020199 0.045385
27 0.625366 0.484188 0.018328 0.045883
15 0.642946 0.484936 0.015336 0.04339
4 0.598473 0.528361 0.013412 0.042689
7 0.612534 0.530092 0.012114 0.04615
1 0.629624 0.534707 0.016008 0.04615
51 0.649743 0.536726 0.022498 0.032882
46 0.669862 0.540764 0.016008 0.039805
