10 0.228866 0.349596 0.042243 0.093873
7 0.289716 0.356971 0.039225 0.081803
51 0.347045 0.365806 0.048611 0.066667
46 0.390101 0.376454 0.027083 0.067593
18 0.271351 0.649602 0.04375 0.082407
27 0.315101 0.654232 0.049306 0.073148
30 0.365448 0.653306 0.033333 0.076852
31 0.238712 0.732935 0.038194 0.086111
24 0.27517 0.73525 0.033333 0.081481
17 0.314059 0.733398 0.038889 0.077778
17 0.359892 0.736639 0.038889 0.073148
28 0.392531 0.729695 0.027778 0.064815
25 0.628295 0.682472 0.088194 0.105556
10 0.568573 0.347287 0.034028 0.096296
7 0.624476 0.354232 0.034722 0.087963
51 0.682809 0.363954 0.047222 0.066667
46 0.723434 0.37275 0.034028 0.075
